GOES 3                  
1 10953U 78062A   14261.41712831 -.00000119  00000-0  00000+0 0  7722
2 10953  14.3293 342.0750 0006413 150.5787 269.1278  1.00265381 85914
TDRS 3                  
1 19548U 88091B   14259.36185190 -.00000301  00000-0  00000+0 0  3647
2 19548  14.4277  19.0340 0033800 294.0784 110.9369  0.99991482 82357
LEASAT 5                
1 20410U 90002B   14260.12534557 -.00000093  00000-0  00000+0 0  2392
2 20410  11.0173  20.4873 0004120 172.4295 280.2137  1.00273462 75665
SKYNET 4C               
1 20776U 90079A   14260.18823681 -.00000048  00000-0  00000+0 0  9584
2 20776  13.0631  26.6947 0002580 213.2416 182.6731  1.00273305 87921
INMARSAT 2-F2           
1 21149U 91018A   14261.27056479  .00000083  00000-0  00000+0 0  2410
2 21149   9.5886  37.9262 0003631 149.0427 125.5165  1.00271533 86195
TDRS 5                  
1 21639U 91054B   14261.23884852  .00000078  00000-0  00000+0 0  6399
2 21639  13.4157  32.6244 0010153 343.5341 259.4503  1.00265991 84708
TDRS 6                  
1 22314U 93003B   14260.83698618 -.00000303  00000-0  00000+0 0  6521
2 22314  12.8668  35.4508 0001244 278.9633 297.7887  1.00272964 79419
INTELSAT 701 (IS-701)   
1 22871U 93066A   14260.84432027 -.00000239  00000-0  00000+0 0  5087
2 22871   2.2440  72.8380 0003724 112.8587  85.4452  1.00271061 76425
NATO 4B                 
1 22921U 93076A   14261.02803699  .00000121  00000-0  10000-3 0  2140
2 22921  11.2821  33.0841 0003018 155.6313 213.7367  1.00274495 76136
INTELSAT 702 (IS-702)   
1 23124U 94034A   14258.67836321  .00000127  00000-0  10000-3 0  3086
2 23124   2.5883  71.3565 0003375 132.7237  67.5835  1.00273967 88331
OPTUS B3                
1 23227U 94055A   14260.48245858 -.00000100  00000-0  00000+0 0  5544
2 23227   5.6985  58.4188 0006137 128.4761 147.3188  1.00271909 73417
NSS-703                 
1 23305U 94064A   14261.27944963 -.00000302  00000-0  00000+0 0  1597
2 23305   4.2026  63.9266 0003995 124.7435 222.0396  1.00273465 73139
ASTRA 1D                
1 23331U 94070A   14258.36412058 -.00000300  00000-0  00000+0 0   434
2 23331   5.8865  57.5475 0002968  52.7688 307.4174  1.00255863 73253
BRASILSAT B2            
1 23536U 95016A   14261.25703410 -.00000305  00000-0  00000+0 0  1604
2 23536   5.5075  59.2551 0002381 129.6065 197.5693  1.00270363 71362
AMSC 1                  
1 23553U 95019A   14260.46350112 -.00000129  00000-0  00000+0 0   125
2 23553   8.6064  49.6513 0004627 151.8041 218.4382  1.00272769 71179
INTELSAT 706 (IS-706)   
1 23571U 95023A   14261.50851764 -.00000163  00000-0  00000+0 0  1472
2 23571   2.5257  71.3150 0003712 110.3846 155.6285  1.00272607 70783
TDRS 7                  
1 23613U 95035B   14261.01286681 -.00000211  00000-0  00000+0 0  8277
2 23613  14.2516  26.2466 0020532  14.8415  45.2790  1.00274756 70171
ASTRA 1E                
1 23686U 95055A   14260.19943403  .00000127  00000-0  00000+0 0   995
2 23686   3.5503  67.4084 0003788 128.0308 263.6232  1.00272297 69245
ECHOSTAR 1              
1 23754U 95073A   14260.46120602 -.00000267  00000-0  10000-3 0  2329
2 23754   0.0281 267.7367 0002057 277.4439 260.0164  1.00270535 68424
ABS-1A                  
1 23768U 96003A   14260.05672880 -.00000145  00000-0  00000+0 0  2570
2 23768   6.5699  55.7489 0003845 132.6581 265.9661  1.00275140 68387
INMARSAT 3-F1           
1 23839U 96020A   14260.05967911 -.00000015  00000-0  00000+0 0  5827
2 23839   2.0297  72.2969 0005571 107.9555 261.6268  1.00271570 67605
ASTRA 1F                
1 23842U 96021A   14259.77976897  .00000060  00000-0  00000+0 0  1715
2 23842   0.0506 310.7785 0004013 240.1521 140.0944  1.00275140 67506
MSAT M1                 
1 23846U 96022A   14261.35216520 -.00000105  00000-0  00000+0 0  8535
2 23846   6.0955  57.1224 0005991 131.4824 188.8591  1.00272381 67432
PALAPA C2               
1 23864U 96030A   14260.68884541 -.00000223  00000-0  10000-3 0   834
2 23864   3.6990  65.9032 0002369 128.6798 200.4003  1.00271057 67159
APSTAR 1A               
1 23943U 96039A   14261.44081720  .00000016  00000-0  00000+0 0  5114
2 23943   7.5853  48.3405 0019429 233.2576 126.6898  0.99188679 66692
INMARSAT 3-F2           
1 24307U 96053A   14260.32831910 -.00000149  00000-0  00000+0 0  4011
2 24307   0.5749  83.3970 0006168  87.3095 288.1789  1.00271058 66027
AMC-1 (GE-1)            
1 24315U 96054A   14258.42043495 -.00000130  00000-0  00000+0 0  4731
2 24315   0.0181 302.5449 0002781 182.1855 277.9252  1.00271830 65986
AFRICASAT-2 (MEASAT-2)  
1 24653U 96063B   14261.12329442 -.00000242  00000-0  00000+0 0  1962
2 24653   5.8026  58.0038 0007345 131.8260 359.5270  1.00274711 65417
EUTELSAT 48A            
1 24665U 96067A   14261.06042481  .00000096  00000-0  10000-3 0   945
2 24665   4.5726  62.5646 0005064 121.3442 243.1214  1.00277058 65660
INMARSAT 3-F3           
1 24674U 96070A   14260.72577044  .00000014  00000-0  00000+0 0  4645
2 24674   1.4303  76.8680 0005445 112.7531 246.3217  1.00273327 64953
AMC-2 (GE-2)            
1 24713U 97002A   14260.35506951 -.00000252  00000-0  00000+0 0  9317
2 24713   2.4097  71.6965 0005121  99.3858 232.1250  1.00271554 15349
INTELSAT 26 (IS-26)     
1 24732U 97007A   14259.69146700 -.00000028  00000-0  00000+0 0  7814
2 24732   5.7656  58.2337 0002630 121.5519 130.4849  1.00271364 64285
GALAXY 25 (G-25)        
1 24812U 97026A   14260.03408875 -.00000189  00000-0  00000+0 0  9122
2 24812   0.0077 223.9286 0003050 312.8206  98.3175  1.00272437 63373
INMARSAT 3-F4           
1 24819U 97027A   14261.23320832 -.00000310  00000-0  00000+0 0  2915
2 24819   3.9382  64.1134 0005401 112.2098 210.7315  1.00273671 63389
SUPERBIRD-A3            
1 24880U 97036A   14259.57346045 -.00000281  00000-0  00000+0 0  8565
2 24880   4.8984  61.3026 0005148 140.5646  93.0144  1.00272488 62707
ABS-3                   
1 24901U 97042A   14260.83728627 -.00000052  00000-0  00000+0 0  2815
2 24901   2.9804  69.8328 0003919 105.4558 119.8285  1.00273737 62537
INTELSAT 5 (IS-5)       
1 24916U 97046A   14260.87008071 -.00000151  00000-0  10000-3 0  9668
2 24916   1.5503  76.3831 0004804 119.1278 267.0175  1.00519101 62612
METEOSAT-7              
1 24932U 97049B   14260.95985706  .00000038  00000-0  00000+0 0  3838
2 24932   9.2395  47.1284 0002712 162.7783 189.9930  1.00269182 62424
AMC-3 (GE-3)            
1 24936U 97050A   14261.47704192 -.00000297  00000-0  10000-3 0  9996
2 24936   0.0385 283.6925 0002086 275.9213 262.4411  1.00272376 62435
NSS-5                   
1 24957U 97053A   14259.77966226  .00000085  00000-0  00000+0 0  9764
2 24957   1.8576  74.7970 0003882 110.1519 141.8649  1.00271007 62200
ECHOSTAR 3              
1 25004U 97059A   14261.48299404 -.00000306  00000-0  10000-3 0  8640
2 25004   0.0924  75.1602 0001889 130.4032 263.8094  1.00269726 62135
JCSAT-1B                
1 25067U 97075A   14259.45129365 -.00000228  00000-0  10000-3 0  1791
2 25067   3.7146  65.7097 0005686 113.0810 128.9927  1.00272142 61527
ASTRA 1G                
1 25071U 97076A   14259.88158545  .00000023  00000-0  00000+0 0  7193
2 25071   0.2770  72.9855 0002554  94.4149 205.5614  1.00274241 61535
BRASILSAT B3            
1 25152U 98006A   14258.08061491 -.00000198  00000-0  00000+0 0  1694
2 25152   2.0705  74.3626 0002945  74.1393 142.5166  1.00272128 60909
INMARSAT 3-F5           
1 25153U 98006B   14261.21037351  .00000115  00000-0  00000+0 0  3579
2 25153   0.5846  66.4271 0004592 123.3065 267.6323  1.00272985 60916
EUTELSAT 16B            
1 25237U 98013A   14259.92097716  .00000076  00000-0  10000-3 0  9854
2 25237   2.3841  72.2929 0004866 101.6343 169.2356  1.00275104 60932
NSS-806                 
1 25239U 98014A   14260.35588516 -.00000305  00000-0  00000+0 0  3731
2 25239   0.0191   6.4163 0004480 174.4216 255.9678  1.00270183 60667
THOR III                
1 25358U 98035A   14259.39683804 -.00000065  00000-0  00000+0 0  5818
2 25358   3.6189  65.9198 0002459 131.4197 296.4715  1.00272278 59687
INTELSAT 805 (IS-805)   
1 25371U 98037A   14261.29582528 -.00000311  00000-0  10000-3 0  4681
2 25371   0.0214 247.7149 0004066 292.1448 228.3011  1.00272916 59556
ASTRA 2A                
1 25462U 98050A   14261.21007256  .00000125  00000-0  00000+0 0  9344
2 25462   0.0291 121.9279 0004606  25.2764 313.6360  1.00271748 58810
INTELSAT 7 (IS-7)       
1 25473U 98052A   14261.20717649  .00000068  00000-0  10000-3 0   231
2 25473   1.1290  78.9681 0007345  68.3170 302.3522  1.00114674 58632
SIRIUS 3                
1 25492U 98056B   14258.00153897  .00000078  00000-0  00000+0 0  6376
2 25492   4.7070  62.0440 0001456  76.8726 266.7363  1.00273947 58447
AFRISTAR                
1 25515U 98063A   14258.71772061  .00000099  00000-0  00000+0 0  5752
2 25515   1.6707  73.3415 0004898 116.0877  84.5291  1.00272270 58141
INTELSAT 8 (IS-8)       
1 25522U 98065A   14259.56169250 -.00000058  00000-0  00000+0 0  7721
2 25522   0.0323 252.0338 0003207 283.3725 191.2190  1.00272969 58137
BONUM-1                 
1 25546U 98068A   14261.14002631  .00000052  00000-0  10000-3 0  7971
2 25546   2.4033  72.4657 0002386 105.6129 285.4676  1.00273433 58037
EUTELSAT 115 WEST A     
1 25558U 98070A   14260.41078097 -.00000051  00000-0  10000-3 0  6020
2 25558   1.1381  78.9337 0004285 111.4900 198.8069  1.00272929 58010
JCSAT-4A                
1 25630U 99006A   14259.04264500 -.00000182  00000-0  10000-3 0  5950
2 25630   0.2305  86.1952 0001808  98.0471 267.9633  1.00271483 56963
SKYNET 4E               
1 25639U 99009B   14261.03074537  .00000123  00000-0  10000-3 0  6600
2 25639   8.9958  36.9620 0003541 146.0401 217.4012  1.00277940 57022
ASIASAT 3S              
1 25657U 99013A   14260.70035007 -.00000388  00000-0  00000+0 0  9126
2 25657   0.4582  83.0740 0002960 130.5033 155.1356  1.00275696 56801
EUTELSAT 48C            
1 25673U 99018A   14260.19150053  .00000097  00000-0  10000-3 0   358
2 25673   1.4428  77.1933 0004462 100.6059 295.2756  1.00272929 56561
ASTRA 1H                
1 25785U 99033A   14261.11396644 -.00000296  00000-0  00000+0 0  6566
2 25785   1.8456  75.0006 0003517 121.2502 134.1241  1.00269923 55895
TELKOM 1                
1 25880U 99042A   14259.85333089 -.00000371  00000-0  00000+0 0  8605
2 25880   0.0073 209.1939 0001996   0.5933 201.1695  1.00273802 55358
ABS-7                   
1 25894U 99046A   14260.76705619 -.00000388  00000-0  10000-3 0  7284
2 25894   0.0146 182.8220 0001834  62.9340 143.0931  1.00270379 54148
GALAXY 27 (G-27)        
1 25922U 99052A   14259.60319378 -.00000031  00000-0  00000+0 0  5948
2 25922   1.2031  78.2326 0003592 110.2091  90.3791  1.00273243 54853
ABS-6                   
1 25924U 99053A   14261.31594174 -.00000145  00000-0  10000-3 0  8428
2 25924   0.0184 270.1057 0001467 227.3779 132.4116  1.00271199 54898
TELSTAR 12 (ORION 2)    
1 25949U 99059A   14261.15412193 -.00000144  00000-0  00000+0 0  6414
2 25949   0.0210 258.2662 0002839 281.8892 217.3208  1.00272066 54595
AMC-4 (GE-4)            
1 25954U 99060A   14261.11396644 -.00000298  00000-0  10000-3 0  9722
2 25954   0.0377  40.9452 0001709 104.8059 185.2274  1.00271610 54468
GALAXY 11 (G-11)        
1 26038U 99071A   14260.38913248 -.00000312  00000-0  10000-3 0  9650
2 26038   0.0232 301.7253 0000396 243.6799 255.3346  1.00271823 54086
HISPASAT 1C             
1 26071U 00007A   14261.31021266 -.00000237  00000-0  10000-3 0  3438
2 26071   0.0487  42.1398 0002431 148.2063 194.6148  1.00271147 53631
GARUDA 1                
1 26089U 00011A   14260.85678765 -.00000383  00000-0  00000+0 0  4979
2 26089   1.1993 219.5770 0003052   8.4947 200.0915  1.00273899 53467
SUPERBIRD-B2            
1 26095U 00012A   14261.46979100 -.00000117  00000-0  00000+0 0  8218
2 26095   0.0275 244.1636 0002505 302.5841 141.6935  1.00272899 53464
EXPRESS-A2              
1 26098U 00013A   14260.87606617 -.00000267  00000-0  00000+0 0  4094
2 26098   7.3928  53.1201 0015376 109.0607 294.9544  1.00274055 53158
ASIASTAR                
1 26107U 00016A   14261.59057817 -.00000356  00000-0  00000+0 0  7744
2 26107   0.0615 344.1521 0004490 184.7801 146.0838  1.00269345 53138
EUTELSAT 16C            
1 26243U 00019A   14260.20001693  .00000070  00000-0  00000+0 0  5713
2 26243   2.3176  71.8071 0002862 118.0531 252.7190  1.00275557 52790
EUTELSAT 36A            
1 26369U 00028A   14261.14304686  .00000130  00000-0  10000-3 0  6436
2 26369   0.0708   6.0348 0004293 178.2749 260.2443  1.00273328 52464
TDRS 8                  
1 26388U 00034A   14260.05102756 -.00000245  00000-0  10000-3 0  2835
2 26388   5.6765  65.7970 0005647 116.3914 281.0833  1.00266015 52169
ECHOSTAR 6              
1 26402U 00038A   14260.35465787 -.00000171  00000-0  00000+0 0  7912
2 26402   2.2301  72.8861 0002219 118.4168 196.3814  1.00272006 51915
INTELSAT 9 (IS-9)       
1 26451U 00043A   14261.20106762 -.00000294  00000-0  10000-3 0  3740
2 26451   1.5381  76.7125 0003264 107.3337 202.3009  1.00272070 51826
BRASILSAT B4            
1 26469U 00046A   14260.46138057 -.00000237  00000-0  10000-3 0  6134
2 26469   0.0374 222.8395 0002904 326.9382 248.6111  1.00270394 51614
NILESAT 102             
1 26470U 00046B   14260.33382640 -.00000084  00000-0  00000+0 0  3098
2 26470   0.0376 315.0698 0003187 243.8496 270.4499  1.00274323 51614
ASTRA 2B                
1 26494U 00054A   14259.24015625  .00000127  00000-0  00000+0 0  5153
2 26494   0.1641  63.5622 0003356 103.6303 305.7529  1.00275761 51248
AMC-7 (GE-7)            
1 26495U 00054B   14259.64798792  .00000069  00000-0  00000+0 0  4795
2 26495   0.0358 310.5194 0002970 235.6092 265.6470  1.00273420 51287
NSS-11 (AAP-1)          
1 26554U 00059A   14259.85333132 -.00000372  00000-0  10000-3 0  7754
2 26554   0.0374 304.2531 0002434 202.1201 264.7320  1.00270798 51179
N-SAT-110 (JCSAT-110)   
1 26559U 00060A   14261.01004152 -.00000376  00000-0  10000-3 0  7461
2 26559   0.0262 277.8671 0000142  64.0552 128.6081  1.00270067 51113
AMC-6 (GE-6)            
1 26580U 00067A   14260.46103345 -.00000286  00000-0  10000-3 0  5956
2 26580   0.0377 317.4167 0002966 228.1691 264.7017  1.00272435 50962
INTELSAT 12 (IS-12)     
1 26590U 00068A   14258.34072387  .00000108  00000-0  00000+0 0  3172
2 26590   0.0205 347.9885 0005075 167.1466   6.7585  1.00275334 50846
INTELSAT 1R (IS-1R)     
1 26608U 00072A   14260.35583181 -.00000309  00000-0  00000+0 0  9440
2 26608   0.0234 342.3519 0000799 125.1441 326.7984  1.00271914 50664
ANIK F1                 
1 26624U 00076A   14261.48086120 -.00000099  00000-0  00000+0 0  4371
2 26624   0.0241 139.7329 0003413  37.3253 246.0624  1.00272272 50728
ASTRA 2D                
1 26638U 00081A   14261.21007256  .00000124  00000-0  00000+0 0  6882
2 26638   1.6989  75.0480 0001290 103.0521 282.5253  1.00271496 50437
AMC-8 (GE-8)            
1 26639U 00081B   14259.49296748  .00000077  00000-0  00000+0 0  4713
2 26639   0.0368 324.8012 0002572 213.7823 215.2279  1.00272784 50348
TURKSAT 2A              
1 26666U 01002A   14260.12100263  .00000119  00000-0  10000-3 0  6315
2 26666   0.0511   8.4197 0003431 172.9222 260.1930  1.00274700 50131
SKYNET 4F               
1 26695U 01005B   14260.20813372 -.00000264  00000-0  10000-3 0  1936
2 26695   7.5402  44.4488 0003127 130.0424 222.5644  1.00271762 49854
EUTELSAT 28A            
1 26719U 01011A   14259.84858819  .00000123  00000-0  10000-3 0  8405
2 26719   0.0639 354.5639 0004070 185.0606 150.0402  1.00272578 49554
XM-2 (ROCK)             
1 26724U 01012A   14260.15997381 -.00000228  00000-0  00000+0 0  9274
2 26724   0.1365  44.6134 0023450 255.6038  86.1624  1.00270217 49519
XM-1 (ROLL)             
1 26761U 01018A   14259.40866116 -.00000050  00000-0  10000-3 0  7757
2 26761   0.1778 266.4313 0004610 319.2382 161.4554  1.00272602 48997
INTELSAT 10 (IS-10)     
1 26766U 01019A   14260.19150053  .00000100  00000-0  00000+0 0  6251
2 26766   0.0242 281.4286 0002519 259.9467 291.1075  1.00270985 48905
INTELSAT 901 (IS-901)   
1 26824U 01024A   14258.13261098 -.00000169  00000-0  00000+0 0  4080
2 26824   0.0157 351.8719 0003012 199.8074 192.0689  1.00273074 48624
ASTRA 2C                
1 26853U 01025A   14260.19303102  .00000123  00000-0  00000+0 0  1609
2 26853   0.0690 327.4594 0001805 281.7398 204.5501  1.00274601 48591
ARTEMIS                 
1 26863U 01029A   14258.89854686  .00000093  00000-0  00000+0 0  8171
2 26863  11.4156  44.2502 0007569 223.0555  72.3665  1.00276551 49370
INTELSAT 902 (IS-902)   
1 26900U 01039A   14261.07696441  .00000007  00000-0  00000+0 0  3913
2 26900   0.0082 240.9593 0003112 303.5383 262.1203  1.00273307 47801
EUTELSAT 8 WEST A       
1 26927U 01042A   14258.16282575 -.00000094  00000-0  00000+0 0  1466
2 26927   0.0536 336.2891 0005917 193.7459 234.5708  1.00273160 47486
DIRECTV 4S              
1 26985U 01052A   14260.53097333 -.00000140  00000-0  00000+0 0  4141
2 26985   0.0331 264.4170 0001697 339.8760 202.0553  1.00274380 46970
INSAT-3C                
1 27298U 02002A   14259.99839512 -.00000104  00000-0  00000+0 0  9006
2 27298   0.0084 139.5960 0006288 359.7433 289.9106  1.00272742 46340
ECHOSTAR 7              
1 27378U 02006A   14261.27230060 -.00000026  00000-0  00000+0 0  5982
2 27378   0.0348 320.4020 0001078 227.3343 148.5872  1.00272093 46048
INTELSAT 904 (IS-904)   
1 27380U 02007A   14261.07005490  .00000023  00000-0  10000-3 0  5140
2 27380   0.0162 322.6341 0003425 229.2862 250.2204  1.00274307 46084
TDRS 9                  
1 27389U 02011A   14261.40969340 -.00000285  00000-0  10000-3 0  5189
2 27389   3.1697  96.4431 0007584 326.1193  41.3154  1.00271832 47433
JCSAT-2A                
1 27399U 02015A   14260.63344918 -.00000191  00000-0  00000+0 0  3073
2 27399   0.0282 257.6959 0002023 270.8145 210.0298  1.00272196 45684
ASTRA 3A                
1 27400U 02015B   14260.72681207  .00000047  00000-0  00000+0 0  2125
2 27400   1.8727  73.9775 0001275  83.2741 284.1632  1.00275694 45704
INTELSAT 903 (IS-903)   
1 27403U 02016A   14259.16447826 -.00000266  00000-0  00000+0 0  1114
2 27403   0.0179  37.5585 0003559 143.1933 198.9864  1.00270452 45672
NSS-7                   
1 27414U 02019A   14259.28265160 -.00000182  00000-0  00000+0 0  4795
2 27414   0.0252 287.8240 0002524 261.8064 247.2653  1.00271836 45556
DIRECTV 5 (TEMPO 1)     
1 27426U 02023A   14260.40669497 -.00000082  00000-0  10000-3 0  5335
2 27426   0.0186 127.7507 0003334  40.7633 224.0442  1.00272825 45300
INTELSAT 905 (IS-905)   
1 27438U 02027A   14259.24401743 -.00000212  00000-0  00000+0 0  9446
2 27438   0.0449 269.0137 0002711 260.2261 249.2103  1.00271320 44994
EXPRESS-A4              
1 27441U 02029A   14260.77656593 -.00000138  00000-0  00000+0 0  6834
2 27441   4.2583  63.8308 0005471  94.3242 104.0232  1.00271210 44959
GALAXY 3C (G-3C)        
1 27445U 02030A   14259.58551229 -.00000178  00000-0  10000-3 0  1325
2 27445   0.0062 278.2582 0000531  56.9387 135.9925  1.00271964 44926
EUTELSAT 5 WEST A       
1 27460U 02035A   14259.23708850 -.00000070  00000-0  10000-3 0  2730
2 27460   0.0452 330.0614 0005173 205.7090 259.6624  1.00272484 44716
N-STAR C                
1 27461U 02035B   14260.86299704 -.00000331  00000-0  00000+0 0   109
2 27461   2.7045  71.2744 0002740 131.1846 240.9753  1.00273019 44676
EUTELSAT 8 WEST C       
1 27499U 02038A   14259.23677170 -.00000089  00000-0  00000+0 0  6307
2 27499   0.0581 317.5436 0002570 284.6716 190.6628  1.00272821 44186
ECHOSTAR 8              
1 27501U 02039A   14260.46120602 -.00000268  00000-0  10000-3 0  5541
2 27501   0.0380 267.6641 0002862 281.0658 256.7173  1.00271689 44258
EUTELSAT 12 WEST A      
1 27508U 02040A   14260.86698888 -.00000126  00000-0  10000-3 0  3608
2 27508   0.0757  14.2494 0003587 172.5237 109.5608  1.00272435 44233
METEOSAT-8 (MSG-1)      
1 27509U 02040B   14261.09351639 -.00000003  00000-0  00000+0 0  1231
2 27509   3.0257  61.9249 0002266 166.3562 165.9030  1.00269174 44235
INTELSAT 906 (IS-906)   
1 27513U 02041A   14259.78002816 -.00000013  00000-0  00000+0 0  1983
2 27513   0.0290  48.7434 0002839 126.1196 165.7532  1.00273814 44080
KODAMA (DRTS)           
1 27516U 02042B   14259.99144975 -.00000262  00000-0  00000+0 0  5242
2 27516   3.1543  68.5361 0002255 115.0730 259.9013  1.00270874 44061
KALPANA-1 (METSAT 1)    
1 27525U 02043A   14259.83777116 -.00000105  00000-0  00000+0 0   910
2 27525   4.5634  62.6818 0012689 197.8282 110.7447  1.00272454 44017
HISPASAT 1D             
1 27528U 02044A   14261.40559309 -.00000241  00000-0  00000+0 0  2072
2 27528   0.0368 240.5958 0005520 310.6579 282.0008  1.00272919 43973
EUTELSAT 33B            
1 27554U 02051A   14259.01422281  .00000128  00000-0  10000-3 0  2899
2 27554   0.0552  66.1036 0004352 116.1590 210.8700  1.00275515 43344
TDRS 10                 
1 27566U 02055A   14260.56612184  .00000059  00000-0  00000+0 0  2114
2 27566   3.2139  62.9722 0006598 183.0741 139.7404  1.00274476 43215
NSS-6                   
1 27603U 02057A   14261.06368359 -.00000295  00000-0  00000+0 0   678
2 27603   0.0235 105.5656 0002446 100.1509 269.1138  1.00271560 43100
NIMIQ 2                 
1 27632U 02062A   14259.06372094 -.00000089  00000-0  00000+0 0   451
2 27632   0.0802 266.4473 0003829 272.8523  89.3541  1.00271817 42918
INTELSAT 907 (IS-907)   
1 27683U 03007A   14259.24236095 -.00000230  00000-0  00000+0 0  7283
2 27683   0.0230 194.7957 0003612 333.7648 246.3034  1.00271692 42412
INSAT-3A                
1 27714U 03013A   14261.57973961 -.00000283  00000-0  00000+0 0  5112
2 27714   0.0317 244.0451 0004251 256.2930 159.2892  1.00272181 41938
GALAXY 12 (G-12)        
1 27715U 03013B   14261.54717413  .00000034  00000-0  10000-3 0   661
2 27715   0.0017 174.9951 0003272  21.0343 229.3374  1.00273514 41991
ASIASAT 4               
1 27718U 03014A   14261.60163220 -.00000384  00000-0  10000-3 0  7658
2 27718   0.0008 184.5214 0001977  15.0705 136.5225  1.00271238 41915
HELLAS-SAT 2            
1 27811U 03020A   14259.92402896  .00000125  00000-0  00000+0 0  9138
2 27811   0.0025 242.2732 0004270 290.8973 194.2473  1.00272151 41410
AMC-9 (GE-12)           
1 27820U 03024A   14258.36567075 -.00000244  00000-0  00000+0 0   921
2 27820   0.0224  55.0747 0002757 128.6045 219.2023  1.00272849 41326
THURAYA-2               
1 27825U 03026A   14260.81402566  .00000110  00000-0  10000-3 0  9042
2 27825   3.9961  23.7684 0004978 151.5808 158.3913  1.00272385 41339
OPTUS C1                
1 27831U 03028B   14261.42474502 -.00000172  00000-0  00000+0 0  2090
2 27831   0.0275 139.4751 0004669  40.8018 125.8890  1.00271562 41308
ECHOSTAR 12 (RAINBOW 1) 
1 27852U 03033A   14260.47073920 -.00000308  00000-0  00000+0 0  1463
2 27852   0.0355 316.0492 0001735 266.7015 241.6600  1.00270859 40967
GALAXY 23 (G-23)        
1 27854U 03034A   14260.42007486 -.00000013  00000-0  00000+0 0   254
2 27854   0.0082 118.7740 0003208  67.3811 200.3486  1.00273363 40692
EUTELSAT 33A            
1 27948U 03043A   14261.20687469  .00000129  00000-0  10000-3 0  2805
2 27948   0.3599  78.5715 0000488  99.1655 284.5608  1.00272512 40317
GALAXY 13 (HORIZONS-1)  
1 27954U 03044A   14261.43448159  .00000023  00000-0  00000+0 0  9039
2 27954   0.0036 177.9057 0000316 331.3098 237.4598  1.00273713 40221
YAMAL 202               
1 28089U 03053A   14257.99970288  .00000092  00000-0  10000-3 0  1503
2 28089   0.0126 106.7962 0002203  58.8345 237.1319  1.00269578 39656
AMOS-2                  
1 28132U 03059A   14261.20073113 -.00000060  00000-0  00000+0 0  9451
2 28132   0.0450 225.9367 0003197 295.9967 263.3312  1.00271769 39373
EXPRESS-AM22 (SESAT 2)  
1 28134U 03060A   14259.91978581  .00000071  00000-0  10000-3 0  2698
2 28134   0.0428 318.3597 0000979 267.7777 153.7616  1.00272803 39282
AMC-10 (GE-10)          
1 28154U 04003A   14261.44370138  .00000063  00000-0  10000-3 0  1569
2 28154   0.0395 329.2282 0002372 190.0066 222.7715  1.00271601 38929
ABS-2I                  
1 28184U 04007A   14261.07696441 -.00000002  00000-0  10000-3 0   353
2 28184   0.0524 120.2408 0004716  99.6912 227.8452  1.00270775 38603
EUTELSAT 7A             
1 28187U 04008A   14260.26747598  .00000022  00000-0  00000+0 0  9116
2 28187   0.0655 353.8777 0006012 200.4863 265.0605  1.00274362 38556
DIRECTV 7S              
1 28238U 04016A   14261.24033332 -.00000024  00000-0  00000+0 0  1187
2 28238   0.0134 311.4551 0002885 231.0456 142.0353  1.00272871 38060
AMC-11 (GE-11)          
1 28252U 04017A   14261.43849192  .00000044  00000-0  00000+0 0  7372
2 28252   0.0252 307.8961 0002274 225.5876 210.6390  1.00272915 37822
INTELSAT 10-02          
1 28358U 04022A   14260.20202523 -.00000037  00000-0  10000-3 0  9077
2 28358   0.0172 153.1017 0000847  31.9838 242.7387  1.00273108 37608
APSTAR 5 (TELSTAR 18)   
1 28364U 04024A   14259.63708461 -.00000321  00000-0  00000+0 0    31
2 28364   0.0120 234.7818 0002627 277.3063 210.7786  1.00272232 37545
ANIK F2                 
1 28378U 04027A   14260.45987500 -.00000076  00000-0  10000-3 0  6616
2 28378   0.0282 332.8653 0000218 204.8840 233.0496  1.00272731 37335
AMAZONAS 1              
1 28393U 04031A   14260.38913248 -.00000312  00000-0  00000+0 0  5075
2 28393   0.0239 111.3518 0002074  62.7849 266.8087  1.00272528 37105
AMC-15                  
1 28446U 04041A   14260.41976836 -.00000115  00000-0  10000-3 0  1174
2 28446   0.0338 291.5677 0002181 239.9296 230.8291  1.00271924 36379
FENGYUN 2C              
1 28451U 04042A   14259.92757153 -.00000384  00000-0  10000-3 0  1059
2 28451   5.6250  58.1287 0001675 239.1010 155.9721  1.00276349 36287
AMC-16                  
1 28472U 04048A   14259.20518242 -.00000234  00000-0  10000-3 0   573
2 28472   0.0404 313.7098 0002720 218.6276 171.5945  1.00271257 35776
NSS-10 (AMC-12)         
1 28526U 05003A   14261.40950925 -.00000275  00000-0  10000-3 0  5017
2 28526   0.0416  39.0986 0002811 155.4954 272.6573  1.00271086 35304
XTAR-EUR                
1 28542U 05005A   14259.84858803  .00000124  00000-0  00000+0 0  5639
2 28542   0.0202 250.9383 0002336 290.6533 148.6065  1.00272817 35140
HIMAWARI-6 (MTSAT-1R)   
1 28622U 05006A   14259.68817442 -.00000308  00000-0  00000+0 0  2479
2 28622   0.0494 288.7536 0001406 199.7134 254.7823  1.00270657 34986
XM-3 (RHYTHM)           
1 28626U 05008A   14259.20787384 -.00000233  00000-0  10000-3 0  7145
2 28626   0.0229  28.4219 0000459 194.7373 121.6695  1.00272374 35023
INMARSAT 4-F1           
1 28628U 05009A   14259.68336020 -.00000284  00000-0  10000-3 0  6232
2 28628   2.7115 357.9346 0003417 184.6635 202.4496  1.00271643 34658
EXPRESS-AM2             
1 28629U 05010A   14261.08166454 -.00000161  00000-0  10000-3 0  6317
2 28629   0.2797  86.3161 0000835 222.4371 157.5796  1.00271522 34698
APSTAR 6                
1 28638U 05012A   14260.86947970 -.00000343  00000-0  10000-3 0  9803
2 28638   0.0016 132.2200 0002805  67.8792 243.6471  1.00272421 59404
SPACEWAY 1              
1 28644U 05015A   14260.42562022 -.00000129  00000-0  00000+0 0  9870
2 28644   0.0341 318.5639 0000165 294.2098 153.8121  1.00272792 34496
DIRECTV 8               
1 28659U 05019A   14261.36866544 -.00000140  00000-0  00000+0 0   526
2 28659   0.0133  81.2940 0003690  95.5990 212.1773  1.00272161 34176
GALAXY 28 (G-28)        
1 28702U 05022A   14260.35485606 -.00000212  00000-0  00000+0 0  8149
2 28702   0.0222  95.2037 0001296  55.1233 244.6342  1.00271417 33868
EXPRESS-AM3             
1 28707U 05023A   14259.86492916 -.00000348  00000-0  10000-3 0  4322
2 28707   0.0465 308.3228 0001061 315.6311 146.1361  1.00270516 33836
THAICOM 4               
1 28786U 05028A   14260.43600760 -.00000389  00000-0  00000+0 0  5159
2 28786   0.0095 134.0869 0002487  42.2685  96.4044  1.00270791 33332
GALAXY 14 (G-14)        
1 28790U 05030A   14261.27380834  .00000011  00000-0  10000-3 0  8493
2 28790   0.0300 295.7103 0002704 229.7495 165.2702  1.00274977 33285
ANIK F1R                
1 28868U 05036A   14261.48086120 -.00000099  00000-0  00000+0 0  6455
2 28868   0.0397   9.7080 0000626 156.2441 257.1635  1.00273136 33147
GALAXY 15 (G-15)        
1 28884U 05041A   14261.44118500  .00000054  00000-0  00000+0 0  8185
2 28884   0.0287 294.2449 0001319 235.6741 213.1987  1.00274809 32675
SYRACUSE 3A             
1 28885U 05041B   14260.19150053  .00000103  00000-0  00000+0 0  6314
2 28885   0.0007  89.0146 0002855  79.6910 303.2553  1.00270478 32803
INMARSAT 4-F2           
1 28899U 05044A   14259.99553021  .00000113  00000-0  00000+0 0  4746
2 28899   2.3914 357.7319 0002991 164.6593 216.9637  1.00274933 32487
TELKOM 2                
1 28902U 05046A   14258.86949916 -.00000391  00000-0  00000+0 0  6471
2 28902   0.0081 174.0263 0002045  23.4000 228.3266  1.00268702 32320
SPACEWAY 2              
1 28903U 05046B   14259.62532292 -.00000153  00000-0  00000+0 0  8234
2 28903   0.0090  48.9974 0000456  66.8937   5.5823  1.00271344 32468
INSAT-4A                
1 28911U 05049A   14261.58074112 -.00000189  00000-0  00000+0 0  5298
2 28911   0.0418 266.5035 0006709 319.5021  63.4465  1.00271124 32074
METEOSAT-9 (MSG-2)      
1 28912U 05049B   14261.27668757  .00000037  00000-0  00000+0 0  2545
2 28912   0.4097  22.7581 0001191 209.1354 234.0395  1.00270880 32080
EUTELSAT 172A (GE-23)   
1 28924U 05052A   14261.41079196 -.00000031  00000-0  10000-3 0  7726
2 28924   0.0652 315.9134 0005806 213.8512 147.3578  1.00273064 31964
ECHOSTAR 10             
1 28935U 06003A   14260.40669498 -.00000082  00000-0  10000-3 0    25
2 28935   0.0336 291.0505 0001830 259.0360 202.4086  1.00272693 31499
HIMAWARI-7 (MTSAT-2)    
1 28937U 06004A   14258.78990969 -.00000270  00000-0  00000+0 0  7162
2 28937   0.0259 251.1239 0003049 274.9451 257.9545  1.00272966 31394
SPAINSAT                
1 28945U 06007A   14261.40559309 -.00000241  00000-0  00000+0 0  4824
2 28945   0.0475 315.2749 0002926 246.7087 271.2824  1.00272484 31233
EUTELSAT 9A             
1 28946U 06007B   14261.27668757  .00000037  00000-0  10000-3 0  5567
2 28946   0.0458  65.4397 0004720 134.1880 266.0804  1.00272956 31293
JCSAT-5A                
1 29045U 06010A   14258.91306537 -.00000356  00000-0  10000-3 0  5581
2 29045   0.0363 307.2700 0001455 280.8490 227.3993  1.00270503 30915
ASTRA 1KR               
1 29055U 06012A   14258.17288806  .00000091  00000-0  00000+0 0  1328
2 29055   0.0869 275.5227 0004427 286.1277 233.8298  1.00271122 30752
GOES 13                 
1 29155U 06018A   14261.42304495 -.00000275  00000-0  00000+0 0  3170
2 29155   0.0219 150.1688 0002985 352.9344 291.6389  1.00278240 30509
EUTELSAT 113 WEST A     
1 29162U 06020A   14258.43427304 -.00000066  00000-0  00000+0 0  5195
2 29162   0.0150 283.5832 0002283 263.9466 210.1276  1.00272314 30439
THAICOM 5               
1 29163U 06020B   14259.90528576 -.00000148  00000-0  00000+0 0  7959
2 29163   0.0452 272.5475 0005595 302.2622 185.3641  1.00272471 30507
GALAXY 16 (G-16)        
1 29236U 06023A   14259.62532352 -.00000154  00000-0  10000-3 0  8288
2 29236   0.0186 243.3515 0003152 278.1350 320.1048  1.00271306 30235
EUTELSAT HOT BIRD 13B   
1 29270U 06032A   14260.20654375  .00000061  00000-0  00000+0 0  4593
2 29270   0.0996 308.7334 0001999 270.0945 224.5991  1.00275374 29832
JCSAT-3A                
1 29272U 06033A   14261.59565624 -.00000369  00000-0  10000-3 0  5786
2 29272   0.0292 300.1366 0002612 234.2529 165.4861  1.00270946 29746
SYRACUSE 3B             
1 29273U 06033B   14260.20778502 -.00000070  00000-0  10000-3 0  4806
2 29273   0.0146  92.7047 0004318 104.0178 228.9453  1.00275425 29721
KOREASAT 5 (MUGUNGWHA 5)
1 29349U 06034A   14260.93474907 -.00000384  00000-0  10000-3 0  5981
2 29349   0.0034 128.6849 0001780  56.3388 261.3140  1.00270720 29628
ZHONGXING-22A           
1 29398U 06038A   14260.87288280 -.00000339  00000-0  10000-3 0  3954
2 29398   3.9660  64.7355 0007038 117.4262 230.3335  1.00271795 29415
DIRECTV 9S              
1 29494U 06043A   14260.53097333 -.00000140  00000-0  00000+0 0  7080
2 29494   0.0103 169.0718 0003076   6.7303 270.6223  1.00271473 29087
OPTUS D1                
1 29495U 06043B   14258.77231568 -.00000138  00000-0  10000-3 0  5747
2 29495   0.0250 291.3116 0003403 229.7268 271.6397  1.00271711 29104
XM-4 (BLUES)            
1 29520U 06049A   14259.26285784 -.00000051  00000-0  10000-3 0  3412
2 29520   0.0239 334.2069 0000326 182.0505 178.2856  1.00272859 28969
BADR-4                  
1 29526U 06051A   14260.13199970  .00000118  00000-0  00000+0 0  6499
2 29526   0.0540 328.9546 0003520 257.7684 202.7490  1.00272430 28868
FENGYUN 2D              
1 29640U 06053A   14261.59130706 -.00000224  00000-0  10000-3 0   972
2 29640   2.5462  69.6628 0002060 128.4309  98.9402  1.00270847 28544
WILDBLUE-1              
1 29643U 06054A   14260.45987500 -.00000075  00000-0  10000-3 0  2901
2 29643   0.0196 234.6970 0001926 308.2380 227.7582  1.00272541 28527
AMC-18                  
1 29644U 06054B   14261.37387943 -.00000114  00000-0  10000-3 0  7122
2 29644   0.0273 302.3877 0002684 215.5423 228.9402  1.00272152 28547
MEASAT-3                
1 29648U 06056A   14260.50643387 -.00000268  00000-0  10000-3 0  4395
2 29648   0.0355 148.1921 0003372  14.7911 107.1996  1.00272521 28540
KIKU-8 (ETS-VIII)       
1 29656U 06059A   14259.36560389 -.00000265  00000-0  00000+0 0  4942
2 29656   3.6967  65.9445 0006159  90.2148 116.4052  1.00269572 28404
INSAT-4B                
1 30793U 07007A   14261.57973874 -.00000282  00000-0  10000-3 0  2080
2 30793   0.0200 129.7895 0005316  92.3375  77.4829  1.00271880 27565
SKYNET 5A               
1 30794U 07007B   14260.08098508  .00000014  00000-0  00000+0 0  3424
2 30794   0.0730 353.6266 0005003 196.9004 200.5399  1.00271775 27695
ANIK F3                 
1 31102U 07009A   14259.25059269 -.00000029  00000-0  00000+0 0  5551
2 31102   0.0096 127.4463 0001869  38.7334 160.4375  1.00272797 27294
ASTRA 1L                
1 31306U 07016A   14261.27232624  .00000095  00000-0  00000+0 0  8407
2 31306   0.0905 294.0338 0003088 285.3831 254.9184  1.00272750 27058
GALAXY 17 (G-17)        
1 31307U 07016B   14259.57950201 -.00000202  00000-0  00000+0 0  4717
2 31307   0.0265 330.4986 0003362 210.0578 292.5081  1.00272191 27042
EUTELSAT 3A             
1 31577U 07021A   14260.20756985 -.00000091  00000-0  00000+0 0   472
2 31577   0.2973  83.8808 0003414  90.5122 248.4605  1.00273282 26756
ZHONGXING-6B            
1 31800U 07031A   14260.76705619 -.00000387  00000-0  10000-3 0   766
2 31800   0.0136 288.5350 0002473 252.7594 206.9834  1.00269373 26455
DIRECTV 10              
1 31862U 07032A   14259.35895630 -.00000130  00000-0  00000+0 0  5015
2 31862   0.0264 305.0850 0000426 159.0658 277.4773  1.00271701 26375
SPACEWAY 3              
1 32018U 07036A   14259.58551229 -.00000179  00000-0  10000-3 0  4085
2 32018   0.0236 341.1122 0000318 300.7293 189.4376  1.00272100 26095
BSAT-3A                 
1 32019U 07036B   14261.01004152 -.00000376  00000-0  10000-3 0  5209
2 32019   0.0584 243.1394 0004944 327.9792 259.2071  1.00271211 26043
INSAT-4CR               
1 32050U 07037A   14259.99839509 -.00000104  00000-0  00000+0 0  1526
2 32050   0.0406  95.5005 0004845 132.5403 201.2404  1.00271832 25829
OPTUS D2                
1 32252U 07044A   14260.87008071 -.00000209  00000-0  00000+0 0  5068
2 32252   0.0065 230.5237 0003461 305.0024 286.4258  1.00271781 25466
INTELSAT 11 (IS-11)     
1 32253U 07044B   14258.43297594 -.00000297  00000-0  10000-3 0  2078
2 32253   0.0423 256.6805 0003409 276.8390 293.6558  1.00270973 25485
STAR ONE C1             
1 32293U 07056A   14259.35993966 -.00000304  00000-0  00000+0 0  2820
2 32293   0.0603 267.9571 0002342 285.2017 226.6368  1.00270126 25114
SKYNET 5B               
1 32294U 07056B   14261.21037351  .00000114  00000-0  00000+0 0  3690
2 32294   0.0620 348.9436 0004141 192.9580 275.2167  1.00271892 25222
ASTRA 4A (SIRIUS 4)     
1 32299U 07057A   14257.29224764  .00000004  00000-0  00000+0 0  1916
2 32299   0.0119  83.1306 0002933 105.6017 274.4570  1.00273056 24971
HORIZONS-2              
1 32388U 07063B   14261.06975395 -.00000208  00000-0  10000-3 0  3706
2 32388   0.0417 280.8280 0002572 268.1022 277.9451  1.00272294 24865
THURAYA-3               
1 32404U 08001A   14259.87809398 -.00000326  00000-0  10000-3 0  5087
2 32404   4.4957 345.0187 0005108 188.6274 236.8308  1.00271336 24506
EXPRESS-AM33            
1 32478U 08003A   14259.82121356 -.00000307  00000-0  00000+0 0  8959
2 32478   0.0420 315.1577 0000821 277.0357 155.6114  1.00270471 24600
THOR 5                  
1 32487U 08006A   14260.89047332 -.00000035  00000-0  10000-3 0  3499
2 32487   0.0358 247.7133 0002786 300.7664 128.0678  1.00272326 24166
KIZUNA (WINDS)          
1 32500U 08007A   14258.34362258 -.00000287  00000-0  00000+0 0  2088
2 32500   0.0564 271.6570 0002269 251.2495  98.0081  1.00270334 24037
AMC-14                  
1 32708U 08011A   14259.91739175  .00000126  00000-0  00000+0 0  4187
2 32708  17.1875  79.1634 0048897   6.7477 269.6353  1.00274598 25106
DIRECTV 11              
1 32729U 08013A   14260.53307757 -.00000152  00000-0  00000+0 0  4550
2 32729   0.0208 326.7533 0000187 236.4219 245.9050  1.00272947 23919
ICO G1                  
1 32763U 08016A   14260.35474934 -.00000194  00000-0  00000+0 0  3558
2 32763   4.2652 344.6700 0004538 212.1005 194.2740  1.00271672 23511
VINASAT-1               
1 32767U 08018A   14258.91306537 -.00000356  00000-0  10000-3 0  3179
2 32767   0.0391 317.0891 0002458 246.2615 252.0781  1.00271427 23570
STAR ONE C2             
1 32768U 08018B   14255.97515116 -.00000295  00000-0  00000+0 0  2220
2 32768   0.0034 173.6318 0001971   3.4600  95.8573  1.00273626 23521
TIANLIAN I (CTDRS-1)    
1 32779U 08019A   14260.05749089 -.00000163  00000-0  10000-3 0  8748
2 32779   0.7589  80.6354 0032670 204.4656 171.5042  1.00275014 23443
AMOS-3                  
1 32794U 08022A   14260.77686688 -.00000060  00000-0  00000+0 0  1286
2 32794   0.0062 185.1315 0002521 325.5298 121.6288  1.00273308 23426
GALAXY 18 (G-18)        
1 32951U 08024A   14259.41783122 -.00000003  00000-0  00000+0 0  1134
2 32951   0.0041 228.4637 0003154 309.6851 204.5522  1.00273531 23135
CHINASAT 9 (ZX 9)       
1 33051U 08028A   14261.00764853 -.00000273  00000-0  10000-3 0  8948
2 33051   0.0126 256.3533 0005212 288.7128 266.7379  1.00272946 23002
SKYNET 5C               
1 33055U 08030A   14260.32654637 -.00000166  00000-0  00000+0 0   451
2 33055   0.0699 353.2567 0006147 192.6713 269.9901  1.00272260 22943
TURKSAT 3A              
1 33056U 08030B   14259.78102316  .00000119  00000-0  10000-3 0  2614
2 33056   0.0525 144.4129 0005275  25.9371 148.4495  1.00273974 23049
INTELSAT 25 (IS-25)     
1 33153U 08034A   14260.32551083 -.00000250  00000-0  00000+0 0  1416
2 33153   0.0014  83.6474 0002899  81.2580 276.9629  1.00271680 22691
BADR-6                  
1 33154U 08034B   14260.13199970  .00000118  00000-0  00000+0 0  3299
2 33154   0.0665  29.0737 0002380 121.2255 279.2238  1.00275222 22743
ECHOSTAR 11             
1 33207U 08035A   14260.40669495 -.00000083  00000-0  10000-3 0  4460
2 33207   0.0309 311.4429 0003276 241.8717 199.3624  1.00272715 22633
SUPERBIRD-C2            
1 33274U 08038A   14258.85977581 -.00000279  00000-0  10000-3 0  4424
2 33274   0.0346 294.9822 0001394 234.0865 279.1404  1.00270987 22347
AMC-21                  
1 33275U 08038B   14261.43393014  .00000011  00000-0  10000-3 0  3305
2 33275   0.0345 319.3437 0002423 219.5658 209.6657  1.00272232 22469
INMARSAT 4-F3           
1 33278U 08039A   14261.36355058 -.00000162  00000-0  00000+0 0  8833
2 33278   3.0040 351.7785 0003889 205.5229 192.9216  1.00268926 22290
NIMIQ 4                 
1 33373U 08044A   14259.35951278 -.00000248  00000-0  00000+0 0   632
2 33373   0.0083 114.0284 0002142  63.7003 224.9234  1.00271934 21938
GALAXY 19 (G-19)        
1 33376U 08045A   14259.35911639 -.00000167  00000-0  00000+0 0  1757
2 33376   0.0160 221.2504 0003265 323.4807 202.7880  1.00272988 21883
VENESAT-1               
1 33414U 08055A   14260.46120602 -.00000264  00000-0  00000+0 0  5434
2 33414   0.0470 300.7205 0001941 251.5035 252.1205  1.00273193 21625
ASTRA 1M                
1 33436U 08057A   14260.20124502  .00000094  00000-0  00000+0 0  3747
2 33436   0.0457  93.1973 0005409  63.7651 290.7444  1.00274960 21502
CIEL-2                  
1 33453U 08063A   14261.54717443  .00000033  00000-0  10000-3 0  1570
2 33453   0.0416 290.6196 0003187 248.1599 246.7502  1.00274235 21161
EUTELSAT HOT BIRD 13C   
1 33459U 08065A   14259.24463406  .00000060  00000-0  00000+0 0  1642
2 33459   0.0544 313.2946 0004258 201.9812 300.9164  1.00275351 21212
EUTELSAT 48D            
1 33460U 08065B   14259.92966845  .00000097  00000-0  00000+0 0  1138
2 33460   0.0472 340.4410 0005862 258.6562 139.4737  1.00274311 21086
FENGYUN 2E              
1 33463U 08066A   14259.99641146 -.00000357  00000-0  10000-3 0  6245
2 33463   2.1017  57.3039 0001745 214.3199 187.3389  1.00277464 21075
EXPRESS-AM44            
1 33595U 09007A   14261.34345294 -.00000114  00000-0  00000+0 0  6026
2 33595   0.0242 295.0851 0001023 327.0345 207.7128  1.00272189 20543
NSS-9                   
1 33749U 09008A   14260.72681207  .00000045  00000-0  00000+0 0  1999
2 33749   0.0404 323.0287 0002142 215.8667 262.3065  1.00273027 20542
EUTELSAT HOT BIRD 13D   
1 33750U 09008B   14261.27585431  .00000062  00000-0  00000+0 0  3524
2 33750   0.0949 288.6776 0005560 283.3534 257.4101  1.00274730 20589
TELSTAR 11N             
1 34111U 09009A   14261.40950925 -.00000276  00000-0  10000-3 0  1606
2 34111   0.0008 185.1480 0002704 315.5429 326.4262  1.00271137 20402
RADUGA-1 8              
1 34264U 09010A   14260.70471172  .00000053  00000-0  10000-3 0  6204
2 34264   3.7377  80.0963 0003094  68.5823 113.1699  1.00267704 20326
EUTELSAT 10A            
1 34710U 09016A   14258.29684037  .00000040  00000-0  00000+0 0  1928
2 34710   0.0653 350.0568 0005007 192.9133 288.0418  1.00271489 19966
SES-7 (PROTOSTAR 2)     
1 34941U 09027A   14259.85333141 -.00000372  00000-0  10000-3 0  2796
2 34941   0.0426  46.7506 0002703 184.6255 179.7895  1.00271005 19604
MEASAT-3A               
1 35362U 09032A   14260.50643387 -.00000268  00000-0  10000-3 0    28
2 35362   0.0398 228.3299 0003132 345.2416  56.6026  1.00270966 19219
GOES 14                 
1 35491U 09033A   14260.35813582 -.00000111  00000-0  00000+0 0  6276
2 35491   0.3487 264.0251 0012381 293.7407 181.6669  1.00273362 19150
SIRIUS FM-5             
1 35493U 09034A   14259.53931654 -.00000173  00000-0  00000+0 0  9763
2 35493   0.0062 293.2637 0002216  78.6592  81.6381  1.00272160 19066
TERRESTAR-1             
1 35496U 09035A   14259.59779380 -.00000082  00000-0  00000+0 0  2211
2 35496   3.7829 330.1237 0003566 207.0536 282.4834  1.00273297 19136
ASIASAT 5               
1 35696U 09042A   14260.87288280 -.00000332  00000-0  00000+0 0  4825
2 35696   0.0086 209.2514 0002049 274.3403 287.8169  1.00268874 18675
JCSAT-RA (JCSAT-12)     
1 35755U 09044A   14261.59565627 -.00000370  00000-0  10000-3 0   526
2 35755   0.0525  21.5723 0001653 171.0103 147.2079  1.00270505 18646
OPTUS D3                
1 35756U 09044B   14259.46401280 -.00000175  00000-0  00000+0 0  1567
2 35756   0.0479 336.4564 0002584 177.1617 164.7512  1.00270737 18594
PALAPA D                
1 35812U 09046A   14260.85910905 -.00000383  00000-0  10000-3 0   853
2 35812   0.0181  74.2148 0002216 145.3797 199.3401  1.00270459 18660
NIMIQ 5                 
1 35873U 09050A   14260.46103345 -.00000283  00000-0  10000-3 0   415
2 35873   0.0245 255.9207 0002556 273.1421 280.5162  1.00271746 18345
AMAZONAS 2              
1 35942U 09054A   14261.48299404 -.00000307  00000-0  00000+0 0   783
2 35942   0.0278 146.4326 0005306  18.7405 305.0521  1.00272220 18198
COMSATBW-1              
1 35943U 09054B   14261.07696441 -.00000002  00000-0  10000-3 0   249
2 35943   0.0373 108.5849 0002411  69.3153 269.7575  1.00274441 18248
NSS-12                  
1 36032U 09058A   14259.03288135  .00000043  00000-0  00000+0 0  9690
2 36032   0.0362 302.8879 0002853 239.1250 241.7226  1.00273240 17915
THOR 6                  
1 36033U 09058B   14260.20202523 -.00000036  00000-0  10000-3 0  1150
2 36033   0.0114 189.8202 0002424  11.4061 226.7135  1.00273324 17947
INTELSAT 14 (IS-14)     
1 36097U 09064A   14260.39437270 -.00000300  00000-0  00000+0 0  9748
2 36097   0.0192 225.9738 0002234 313.7313 273.5239  1.00272743 17686
EUTELSAT 36B            
1 36101U 09065A   14261.14304686  .00000130  00000-0  10000-3 0   895
2 36101   0.0640 351.9676 0004284 195.2997 257.1034  1.00272638 17795
INTELSAT 15 (IS-15)     
1 36106U 09067A   14260.05731925 -.00000212  00000-0  10000-3 0  1568
2 36106   0.0022 131.7591 0002463  48.5976 281.3375  1.00271159 17578
DIRECTV 12              
1 36131U 09075A   14260.42562020 -.00000130  00000-0  00000+0 0  2952
2 36131   0.0379 326.9204 0000372 277.0495 162.7589  1.00272869 17367
BEIDOU G1               
1 36287U 10001A   14260.80002792 -.00000308  00000-0  10000-3 0  3810
2 36287   1.5615 358.5338 0005887 206.8605 219.2731  1.00272067 17150
RADUGA-1M 2             
1 36358U 10002A   14261.06975395 -.00000209  00000-0  10000-3 0  3604
2 36358   0.0202 254.3701 0002436 335.3158 237.3345  1.00271335 16990
SDO                     
1 36395U 10005A   14260.33984146 -.00000091  00000-0  00000+0 0   376
2 36395  27.9762 158.7729 0001446 219.8329 357.4301  1.00276401 17012
INTELSAT 16 (IS-16)     
1 36397U 10006A   14261.29898089 -.00000271  00000-0  00000+0 0  9644
2 36397   0.0376 318.2840 0002388 220.5826 209.9122  1.00272077 16804
GOES 15                 
1 36411U 10008A   14261.25449723  .00000064  00000-0  00000+0 0  2783
2 36411   0.3701 265.2250 0001906 299.7597 108.6536  1.00264236 16666
ECHOSTAR 14             
1 36499U 10010A   14260.41771368 -.00000026  00000-0  00000+0 0  4570
2 36499   0.0207 234.4172 0003391 268.2722 245.0785  1.00268128 16512
SES-1                   
1 36516U 10016A   14259.52041325 -.00000142  00000-0  00000+0 0   776
2 36516   0.0315 293.3106 0001777 236.6757 271.7406  1.00271650 16101
ASTRA 3B                
1 36581U 10021A   14260.13509196  .00000110  00000-0  00000+0 0  8871
2 36581   0.0621  32.0655 0003837 140.8026 255.2395  1.00274394 15868
COMSATBW-2              
1 36582U 10021B   14259.70124832  .00000061  00000-0  00000+0 0   320
2 36582   0.0046 238.1267 0002345 325.3843  57.6678  1.00272844 15954
BEIDOU G3               
1 36590U 10024A   14261.01004152 -.00000379  00000-0  00000+0 0  2326
2 36590   1.6476  33.0739 0001648 291.7909 146.1188  1.00276617 15768
BADR-5                  
1 36592U 10025A   14259.73161935  .00000118  00000-0  00000+0 0  8278
2 36592   0.0127 157.1424 0005257  25.0029 102.8219  1.00274845 15884
COMS 1                  
1 36744U 10032A   14258.91176806 -.00000372  00000-0  10000-3 0  9434
2 36744   0.0376  56.6046 0000843 121.5606 273.0893  1.00271935 15618
ARABSAT-5A              
1 36745U 10032B   14260.70441087  .00000127  00000-0  00000+0 0  8410
2 36745   0.0519 348.6158 0003665 196.1283  95.8640  1.00271480 15648
ECHOSTAR 15             
1 36792U 10034A   14260.21498450 -.00000300  00000-0  10000-3 0  9618
2 36792   0.0360 311.8026 0002879 251.3070 185.2493  1.00270336 15373
BEIDOU IGSO 1           
1 36828U 10036A   14260.60327660 -.00000168  00000-0  10000-3 0  1172
2 36828  54.3894 203.4769 0035349 200.0368 289.3942  1.00259959 15199
NILESAT 201             
1 36830U 10037A   14260.20756985 -.00000084  00000-0  10000-3 0  9263
2 36830   0.0426 174.9315 0006356 359.7345 249.1024  1.00271892 15266
RASCOM-QAF 1R           
1 36831U 10037B   14260.19461932 -.00000008  00000-0  10000-3 0  9049
2 36831   0.0043 169.1344 0004706  13.6091 246.2510  1.00272222 15267
CHINASAT 6A (ZX 6A)     
1 37150U 10042A   14260.94024318 -.00000379  00000-0  00000+0 0  1831
2 37150   0.0261 196.0329 0000782 270.2004 354.0535  1.00270637 14892
XM-5                    
1 37185U 10053A   14259.35942892 -.00000233  00000-0  10000-3 0    24
2 37185   0.0478 280.2390 0002539  92.1897  26.9809  1.00272420 14427
BSAT-3B                 
1 37207U 10056B   14261.01004152 -.00000376  00000-0  10000-3 0  1687
2 37207   0.0796 306.4476 0002653 310.4281 213.4445  1.00270515 14276
BEIDOU G4               
1 37210U 10057A   14261.57959685 -.00000136  00000-0  10000-3 0   675
2 37210   0.8022  46.2077 0008690 154.5949 165.2215  1.00271301 14296
SKYTERRA 1              
1 37218U 10061A   14260.36939333 -.00000144  00000-0  10000-3 0   165
2 37218   4.4315 323.5325 0011399 190.2580 234.0956  1.00272775 14208
ZHONGXING-20A           
1 37234U 10064A   14260.87038241 -.00000363  00000-0  00000+0 0   843
2 37234   0.0561 268.2955 0002091 305.8524 225.9483  1.00270948 14019
HYLAS 1                 
1 37237U 10065A   14261.34969038 -.00000259  00000-0  10000-3 0  8945
2 37237   0.0205 324.0050 0001950 206.9476 278.6373  1.00271241 13990
INTELSAT 17 (IS-17)     
1 37238U 10065B   14260.12516366 -.00000029  00000-0  00000+0 0  8077
2 37238   0.0170 249.5356 0003417 298.4266 279.0791  1.00273146 13967
BEIDOU IGSO 2           
1 37256U 10068A   14260.87318395 -.00000230  00000-0  10000-3 0   413
2 37256  54.2629 322.8809 0030725 203.1898 265.3951  1.00268105 13786
EUTELSAT KA-SAT 9A      
1 37258U 10069A   14261.27668757  .00000036  00000-0  10000-3 0    09
2 37258   0.0491 298.7345 0001636 166.3800   0.5646  1.00272053 13802
HISPASAT 1E             
1 37264U 10070A   14261.18236214 -.00000242  00000-0  00000+0 0  9810
2 37264   0.0304 131.3949 0005599  34.5239 226.7331  1.00270473 13658
KOREASAT 6              
1 37265U 10070B   14257.92722125 -.00000390  00000-0  00000+0 0  9903
2 37265   0.0196 121.1838 0001183  73.5288 248.8859  1.00272243 13640
ELEKTRO-L 1 (GOMS 2)    
1 37344U 11001A   14260.57501648 -.00000121  00000-0  00000+0 0   910
2 37344   0.4122  80.4249 0001543 150.5479  48.3684  1.00266143 13441
BEIDOU IGSO 3           
1 37384U 11013A   14260.85708745 -.00000129  00000-0  10000-3 0  9647
2 37384  56.6239  83.4813 0024950 183.6563 157.7018  1.00283024 12650
INTELSAT NEW DAWN       
1 37392U 11016A   14259.08591000  .00000128  00000-0  10000-3 0  8104
2 37392   0.0321 259.8914 0001310   6.4684 152.3325  1.00273838 12504
YAHSAT 1A               
1 37393U 11016B   14261.14274593  .00000075  00000-0  10000-3 0  9551
2 37393   0.0016 187.8343 0001418  25.9446 247.0905  1.00273507 12568
TELSTAR 14R             
1 37602U 11021A   14261.48055941 -.00000305  00000-0  00000+0 0  6617
2 37602   0.0363 321.1032 0001985 225.8895 280.3026  1.00271125 12841
GSAT-8                  
1 37605U 11022A   14261.14002631  .00000059  00000-0  10000-3 0  8805
2 37605   0.0366 100.5143 0006434 144.2213 217.7172  1.00272717 12238
ST-2                    
1 37606U 11022B   14260.06314697 -.00000238  00000-0  10000-3 0  8309
2 37606   0.0121 134.8737 0001545  40.4124 291.3621  1.00270983 12233
CHINASAT 10 (ZX 10)     
1 37677U 11026A   14261.60836778 -.00000376  00000-0  00000+0 0  9838
2 37677   0.0433 315.9725 0004857 236.9786 133.9794  1.00269054 11958
TIANLIAN 1-02           
1 37737U 11032A   14261.24683817 -.00000072  00000-0  00000+0 0  9277
2 37737   0.5407  81.4677 0028663 179.2817 352.2325  1.00274144 11702
GSAT-12                 
1 37746U 11034A   14259.94921409 -.00000191  00000-0  10000-3 0  7809
2 37746   0.0141 269.2116 0001029 257.0612 254.2340  1.00269071 11948
SES-3                   
1 37748U 11035A   14261.30537850 -.00000127  00000-0  00000+0 0  8555
2 37748   0.0369 291.0812 0001538 262.1237 170.8659  1.00271549 11683
KAZSAT-2                
1 37749U 11035B   14258.91075631 -.00000225  00000-0  00000+0 0  6943
2 37749   0.0387 311.5538 0001399 281.7423 175.8372  1.00269890 11645
BEIDOU IGSO 4           
1 37763U 11038A   14261.05556906 -.00000100  00000-0  10000-3 0  7926
2 37763  54.7025 205.6726 0029887 202.6509  61.7863  1.00257620 11621
ASTRA 1N                
1 37775U 11041A   14261.27232624  .00000095  00000-0  00000+0 0  7304
2 37775   0.0602   9.3543 0002112 115.9313 349.0893  1.00276028 11444
BSAT-3C (JCSAT-110R)    
1 37776U 11041B   14261.01004152 -.00000376  00000-0  10000-3 0  8860
2 37776   0.0376 322.7031 0000042  84.5308  63.2078  1.00270697 11538
PAKSAT-1R               
1 37779U 11042A   14258.95366252  .00000126  00000-0  00000+0 0  6477
2 37779   0.0448 318.4353 0003839 218.2498 199.4370  1.00274505 11385
CHINASAT 1A (ZX 1A)     
1 37804U 11047A   14260.87038241 -.00000364  00000-0  00000+0 0  8993
2 37804   0.0468 303.9386 0006788 325.3806 170.5593  1.00270663 11074
COSMOS 2473             
1 37806U 11048A   14261.61770755 -.00000160  00000-0  10000-3 0  8564
2 37806   0.0659  93.0202 0001296 195.7957  10.9469  1.00271154 11050
SES-2                   
1 37809U 11049A   14260.35490942 -.00000222  00000-0  10000-3 0  6382
2 37809   0.0355 307.1799 0002794 237.9383 211.8459  1.00271422 11006
ARABSAT-5C              
1 37810U 11049B   14259.24793016  .00000096  00000-0  00000+0 0  5942
2 37810   0.0628 346.5298 0005513 190.7682 287.0817  1.00274975 10998
EUTELSAT 7 WEST A       
1 37816U 11051A   14260.20756985 -.00000086  00000-0  10000-3 0  8367
2 37816   0.0745 324.0698 0004510 209.7199 249.7216  1.00274143 10949
QUETZSAT 1              
1 37826U 11054A   14260.46120602 -.00000268  00000-0  10000-3 0  7192
2 37826   0.0358 308.4050 0002685 230.2873 266.6453  1.00270767 11071
INTELSAT 18 (IS-18)     
1 37834U 11056A   14261.43995161  .00000028  00000-0  00000+0 0  6851
2 37834   0.0036 205.5476 0002493 337.2307 152.8872  1.00273004 10896
EUTELSAT 16A            
1 37836U 11057A   14260.70410992  .00000078  00000-0  10000-3 0  7274
2 37836   0.0623 347.7999 0004473 184.5561  93.6760  1.00274743 10804
VIASAT-1                
1 37843U 11059A   14259.40866116 -.00000051  00000-0  10000-3 0  5531
2 37843   0.0050 244.6237 0002694 293.4203 209.2429  1.00272822 11244
ASIASAT 7               
1 37933U 11069A   14258.02636765 -.00000363  00000-0  10000-3 0  8162
2 37933   0.0135 241.4353 0001994 290.4879 296.9667  1.00274462 10428
BEIDOU IGSO 5           
1 37948U 11073A   14261.57363013 -.00000171  00000-0  10000-3 0  8022
2 37948  54.3627 322.3082 0031497 202.0952 135.1520  1.00278200 10383
AMOS-5                  
1 37950U 11074A   14259.23955346  .00000081  00000-0  00000+0 0  5797
2 37950   0.0362 267.2972 0001528 288.9352 262.0828  1.00270999 10236
LUCH 5A                 
1 37951U 11074B   14260.80499440 -.00000074  00000-0  00000+0 0  7763
2 37951   2.7610 246.8404 0005563 304.5213 262.0787  1.00272994 10162
NIGCOMSAT 1R            
1 38014U 11077A   14256.73593100  .00000116  00000-0  00000+0 0  5621
2 38014   0.0258 101.5349 0002550  74.5659 123.9280  1.00271965 10056
FENGYUN 2F              
1 38049U 12002A   14260.93595245 -.00000382  00000-0  10000-3 0  7765
2 38049   0.3637 295.4560 0002529 288.1379 221.9223  1.00280068  9872
SES-4                   
1 38087U 12007A   14260.32637484 -.00000195  00000-0  00000+0 0  5762
2 38087   0.0061  51.5998 0002948 122.8025 277.2764  1.00271854  9524
BEIDOU G5               
1 38091U 12008A   14261.06231638  .00000033  00000-0  00000+0 0  7617
2 38091   0.9350   5.5455 0002413 156.4496 275.9234  1.00271691  9467
INTELSAT 22 (IS-22)     
1 38098U 12011A   14259.95238615 -.00000086  00000-0  00000+0 0  5667
2 38098   0.0149 294.1217 0002825 263.1733 213.4800  1.00272104  9118
APSTAR 7                
1 38107U 12013A   14261.06428536 -.00000127  00000-0  10000-3 0  8066
2 38107   0.0351 114.4672 0002772  65.1382 276.9395  1.00271754  9151
YAHSAT 1B               
1 38245U 12016A   14260.19150053  .00000100  00000-0  10000-3 0  6890
2 38245   0.0020 170.9171 0001084  35.3399 266.3341  1.00273002  8892
JCSAT-13                
1 38331U 12023A   14259.92696977 -.00000383  00000-0  00000+0 0  5228
2 38331   0.0193 152.4360 0002020  49.1456 251.9034  1.00270914  8597
VINASAT-2               
1 38332U 12023B   14259.68554758 -.00000356  00000-0  10000-3 0  5957
2 38332   0.0305 280.0704 0002079 281.4385 172.6742  1.00272158  8608
NIMIQ 6                 
1 38342U 12026A   14259.57950201 -.00000201  00000-0  00000+0 0  5901
2 38342   0.0317 282.7794 0002596 263.4440 286.7283  1.00272878  8567
CHINASAT 2A (ZX 2A)     
1 38352U 12028A   14256.45108929 -.00000322  00000-0  10000-3 0  6708
2 38352   0.0594 287.9115 0002743 345.8478 339.2479  1.00271355  8570
INTELSAT 19 (IS-19)     
1 38356U 12030A   14260.80499440 -.00000082  00000-0  00000+0 0  6562
2 38356   0.0189 288.1549 0003553 244.7339 279.5600  1.00272340  8523
ECHOSTAR 17             
1 38551U 12035A   14259.59716977 -.00000103  00000-0  00000+0 0  5186
2 38551   0.0041 164.1050 0002434   7.0519 292.1797  1.00272261  8096
METEOSAT-10 (MSG-3)     
1 38552U 12035B   14259.87637959 -.00000032  00000-0  00000+0 0   489
2 38552   0.4774 177.0330 0000921  42.1257  91.7327  1.00275171  8181
SES-5                   
1 38652U 12036A   14260.26729345  .00000007  00000-0  00000+0 0  5371
2 38652   0.0730 269.8659 0002318 266.7046 280.7535  1.00273178  8047
TIANLIAN 1-03           
1 38730U 12040A   14261.26875646  .00000082  00000-0  10000-3 0  6447
2 38730   0.4226 269.5305 0005741 304.8535 256.2364  1.00271968  7977
INTELSAT 20 (IS-20)     
1 38740U 12043A   14258.95613670 -.00000053  00000-0  00000+0 0  6084
2 38740   0.0284 276.4867 0001665  73.2035  57.8502  1.00272659  7798
HYLAS 2                 
1 38741U 12043B   14260.70441087  .00000128  00000-0  10000-3 0  5279
2 38741   0.0085 138.2733 0001913  45.3247  97.5238  1.00272226  7827
INTELSAT 21 (IS-21)     
1 38749U 12045A   14259.36010737 -.00000312  00000-0  00000+0 0  4598
2 38749   0.0011 122.8212 0002747  61.4590 242.5794  1.00270469  7658
ASTRA 2F                
1 38778U 12051A   14257.93882416  .00000121  00000-0  00000+0 0  4462
2 38778   0.0418 230.2438 0004186 344.2518 145.4789  1.00273888  7244
GSAT-10                 
1 38779U 12051B   14259.59982171 -.00000192  00000-0  00000+0 0  5286
2 38779   0.0294 111.6437 0005417   8.9105 173.8206  1.00270702  7254
INTELSAT 23 (IS-23)     
1 38867U 12057A   14260.11136365 -.00000311  00000-0  00000+0 0  4299
2 38867   0.0205 341.0218 0001851 206.6626 155.3814  1.00271922  7089
BEIDOU G6               
1 38953U 12059A   14261.61770753 -.00000162  00000-0  10000-3 0  6019
2 38953   0.4175 286.1673 0003127 256.1532 117.5667  1.00272914  7047
LUCH 5B                 
1 38977U 12061A   14260.14515920 -.00000154  00000-0  00000+0 0  5653
2 38977   1.5065  85.0241 0005462  87.1382 219.9760  1.00268810  7141
YAMAL 300K              
1 38978U 12061B   14261.46490769 -.00000253  00000-0  00000+0 0  5158
2 38978   0.0283 286.3083 0001474 338.3917 349.9819  1.00268918  6857
STAR ONE C3             
1 38991U 12062A   14257.37343524 -.00000278  00000-0  10000-3 0  4673
2 38991   0.0530  79.9330 0002623 118.7707 214.0018  1.00272057  6809
EUTELSAT 21B            
1 38992U 12062B   14254.80206446  .00000100  00000-0  00000+0 0  4410
2 38992   0.0664 353.4658 0002237 191.6292 115.9498  1.00272492  6782
ECHOSTAR 16             
1 39008U 12065A   14260.47073920 -.00000308  00000-0  10000-3 0  4002
2 39008   0.0027 155.4219 0002725  18.9061 289.9465  1.00271366  6789
CHINASAT 12 (ZX 12)     
1 39017U 12067A   14261.06679263 -.00000232  00000-0  10000-3 0  5436
2 39017   0.0203 147.2618 0002497  17.3375 303.8509  1.00270988  6698
EUTELSAT 70B            
1 39020U 12069A   14261.13115317 -.00000069  00000-0  00000+0 0  7294
2 39020   0.0554 332.8896 0003905 209.9679 291.8426  1.00273374  6597
YAMAL 402               
1 39022U 12070A   14260.00816198  .00000059  00000-0  10000-3 0  5716
2 39022   0.0414 277.2264 0002453 222.3778 274.0929  1.00274224  6575
SKYNET 5D               
1 39034U 12075A   14261.14274593  .00000073  00000-0  10000-3 0  4835
2 39034   0.0741   5.5752 0003927 175.4473 280.1360  1.00276608  6500
MEXSAT 3                
1 39035U 12075B   14260.41792017 -.00000052  00000-0  00000+0 0  4980
2 39035   0.0157 201.1727 0002224 319.1106 231.6533  1.00273575  6454
TDRS 11                 
1 39070U 13004A   14247.63989788  .00000076  00000-0  00000+0 0  4686
2 39070   6.5269 330.5564 0008646 240.3588 192.1791  1.00263850  5885
AMAZONAS 3              
1 39078U 13006A   14261.48299404 -.00000307  00000-0  00000+0 0  4862
2 39078   0.0336 223.0059 0005020 334.4957 272.6818  1.00270147  5959
AZERSPACE 1             
1 39079U 13006B   14258.93526304  .00000105  00000-0  00000+0 0  3652
2 39079   0.0026 209.4537 0002114 353.4515 174.5961  1.00274038  5926
EUTELSAT 117 WEST A     
1 39122U 13012A   14258.43943245 -.00000041  00000-0  00000+0 0  3492
2 39122   0.0208 266.3665 0002950 272.0507 217.2923  1.00272598  5434
ANIK G1                 
1 39127U 13014A   14261.48086120 -.00000099  00000-0  00000+0 0  4212
2 39127   0.0194 251.2059 0001980 326.9597 204.9477  1.00272714  5250
CHINASAT 11 (ZX 11)     
1 39157U 13020A   14261.59362661 -.00000316  00000-0  10000-3 0  4218
2 39157   0.0535 308.9390 0001210 187.1381 173.0671  1.00272932  5135
EUTELSAT 7B             
1 39163U 13022A   14260.26747598  .00000022  00000-0  00000+0 0  3886
2 39163   0.0507 358.9260 0001496 326.1453 134.3482  1.00274093  4974
SES-6                   
1 39172U 13026A   14261.17538964 -.00000287  00000-0  00000+0 0  3307
2 39172   0.0249 298.0397 0002417 264.3677 177.2434  1.00270941  4732
IRNSS-1A                
1 39199U 13034A   14258.97664058  .00000082  00000-0  00000+0 0  2618
2 39199  27.4363 133.0201 0018585 183.5500  85.0195  1.00277811  4624
ALPHASAT                
1 39215U 13038A   14261.21037351  .00000116  00000-0  00000+0 0  3149
2 39215   0.5044  39.0692 0001989 125.6732 292.9192  1.00274332  4254
INSAT-3D                
1 39216U 13038B   14261.07636252 -.00000181  00000-0  00000+0 0  5784
2 39216   0.0109 198.6928 0001722   1.5256 266.2384  1.00271207  4282
EUTELSAT 25B            
1 39233U 13044A   14259.73161830  .00000116  00000-0  00000+0 0  3184
2 39233   0.0524 345.6396 0001841 214.9558  83.8370  1.00272166  3880
GSAT-7                  
1 39234U 13044B   14259.90068712 -.00000104  00000-0  00000+0 0  3266
2 39234   0.0234 254.0977 0008364   2.3899 137.5161  1.00272573  3888
AMOS-4                  
1 39237U 13045A   14260.05967911 -.00000020  00000-0  00000+0 0  3039
2 39237   0.0256 288.7054 0001900 227.6321 286.0686  1.00273924  3867
ASTRA 2E                
1 39285U 13056A   14261.21007256  .00000125  00000-0  00000+0 0  3473
2 39285   0.0791 300.5005 0002061 243.3437 277.1911  1.00274640  3571
SIRIUS FM-6             
1 39360U 13058A   14247.58626596  .00000000  00000-0  10000-3 0  3036
2 39360   0.0234  21.4289 0001374 316.0579  96.7061  1.00270319  3199
RADUGA-1M 3             
1 39375U 13062A   14261.13115317 -.00000064  00000-0  00000+0 0  3247
2 39375   0.0059 182.5327 0002168  24.0458 267.6132  1.00272962  3112
SES-8                   
1 39460U 13071A   14261.06368359 -.00000295  00000-0  00000+0 0  2650
2 39460   0.0276 248.3299 0002204 260.6943 325.8264  1.00272454  2865
INMARSAT 5-F1           
1 39476U 13073A   14260.05826350  .00000001  00000-0  10000-3 0  4029
2 39476   0.0025 175.5235 0000487  75.9993 188.0038  1.00273145  2909
TKSAT-1 (TUPAC KATARI)  
1 39481U 13075A   14258.44736660 -.00000223  00000-0  10000-3 0  2048
2 39481   0.0395  80.4935 0003289  96.0683 251.6208  1.00272709  2809
EXPRESS-AM5             
1 39487U 13077A   14259.68817442 -.00000307  00000-0  00000+0 0  3095
2 39487   0.0434 310.4995 0001141  55.9518  16.8660  1.00271441  3353
GSAT-14                 
1 39498U 14001A   14259.90068763 -.00000104  00000-0  00000+0 0  2212
2 39498   0.0531 274.2413 0003397 277.6638 202.0804  1.00272276  2553
THAICOM 6               
1 39500U 14002A   14258.01233411 -.00000149  00000-0  00000+0 0  2200
2 39500   0.0631 146.2051 0004918   3.4777 287.1493  1.00271059  2481
TDRS 12                 
1 39504U 14004A   14261.34031678 -.00000312  00000-0  00000+0 0  1758
2 39504   6.8610 337.9795 0003531 217.1074 215.7189  1.00703121  2438
ABS-2                   
1 39508U 14006A   14261.06428536 -.00000112  00000-0  00000+0 0  2216
2 39508   0.0223 264.6527 0000783 265.2502 285.0775  1.00272172  2318
ATHENA-FIDUS            
1 39509U 14006B   14261.20977161  .00000129  00000-0  00000+0 0  2123
2 39509   0.0187 105.9391 0001408  90.3446 274.0771  1.00273464  2491
TURKSAT 4A              
1 39522U 14007A   14260.12100263  .00000119  00000-0  10000-3 0  2269
2 39522   0.0584 273.0513 0003514 307.8651 220.6275  1.00270963  2187
EXPRESS-AT1             
1 39612U 14010A   14261.60197690  .00000053  00000-0  00000+0 0  1897
2 39612   0.0439 307.9940 0000305 331.8176 350.3443  1.00273836  2035
EXPRESS-AT2             
1 39613U 14010B   14259.86261183 -.00000308  00000-0  00000+0 0  1795
2 39613   0.0416 296.0176 0000437 175.0602 335.0426  1.00272232  1857
AMAZONAS 4A             
1 39616U 14011A   14260.38913248 -.00000304  00000-0  00000+0 0  1543
2 39616   0.0243  44.4600 0001276 240.2097 155.6623  0.99993971  1841
ASTRA 5B                
1 39617U 14011B   14256.20479703  .00000125  00000-0  00000+0 0  1543
2 39617   0.0681 311.3492 0002485 220.7097 285.2765  1.00270654  1801
IRNSS-1B                
1 39635U 14017A   14261.06943228  .00000054  00000-0  00000+0 0  1391
2 39635  30.7619 310.1979 0024630 188.9345 297.8478  1.00270420  1784
LUCH 5V                 
1 39727U 14023A   14261.59469689 -.00000297  00000-0  00000+0 0  1156
2 39727   4.5487 302.0093 0002701 261.3866 103.0221  1.00265330519517
KAZSAT 3                
1 39728U 14023B   14258.80385183  .00000033  00000-0  00000+0 0  1352
2 39728   0.0434 305.4881 0000715   5.5902  31.4604  1.00270483  1403
EUTELSAT 3B             
1 39773U 14030A   14260.26766072 -.00000006  00000-0  00000+0 0  1040
2 39773   0.0088 254.2310 0003157 307.2297 254.1261  1.00274128  1197
OPTUS 10                
1 40146U 14054A   14261.31409586  .00000011  00000-0  00000+0 0   137
2 40146   0.0576 285.5541 0005170  42.4475 317.2225  1.00381855   108
MEASAT-3B               
1 40147U 14054B   14257.98060998 -.00000160  00000-0  00000+0 0    75
2 40147   1.0519 152.9391 2449457 174.6616 279.1030  1.39572975    66
