COSMOS 2413 (712)       
1 28509U 04053B   14260.53586275  .00000001  00000-0  10000-3 0  7229
2 28509  63.1630 212.8557 0005769 185.9264 314.2448  2.13103033 75696
COSMOS 2419 (714)       
1 28915U 05050A   14260.39890522  .00000030  00000-0  00000+0 0  4836
2 28915  65.0714  99.7363 0015584 357.1743  28.8097  2.13107394 67940
COSMOS 2425 (716)       
1 29670U 06062A   14260.41242924 -.00000080  00000-0  10000-3 0  1859
2 29670  65.8480 338.5842 0019998 344.5767 120.9885  2.13105030 60141
COSMOS 2426 (717)       
1 29671U 06062B   14260.44151368 -.00000080  00000-0  10000-3 0  2068
2 29671  65.8647 338.6518 0018564 167.0558 186.3008  2.13102967 60141
COSMOS 2424 (715)       
1 29672U 06062C   14261.29393705 -.00000077  00000-0  10000-3 0  2084
2 29672  65.8498 338.5630 0017975 166.0699 299.3758  2.13102320 60162
COSMOS 2433 (720)       
1 32275U 07052A   14260.38171550  .00000031  00000-0  10000-3 0  9264
2 32275  65.0865  99.4959 0001343 218.2697  54.0302  2.13104975 53657
COSMOS 2432 (719)       
1 32276U 07052B   14260.58695619  .00000033  00000-0  10000-3 0  9154
2 32276  65.0985  99.5439 0010992 346.1006  38.9845  2.13104469 53662
COSMOS 2434 (721)       
1 32393U 07065A   14261.05540300 -.00000078  00000-0  00000+0 0  7600
2 32393  65.4701 338.1880 0004866 130.5550 196.6657  2.13102855 52373
COSMOS 2435 (722)       
1 32394U 07065B   14260.34710363 -.00000081  00000-0  10000-3 0  6732
2 32394  65.4745 338.2079 0020741   0.3294 108.6865  2.13112438 52307
COSMOS 2436 (723)       
1 32395U 07065C   14261.36357705 -.00000076  00000-0  10000-3 0  6793
2 32395  65.4836 338.2104 0015192 352.0653 303.5186  2.13102907 52311
COSMOS 2442 (724)       
1 33378U 08046A   14261.58573722  .00000045  00000-0  10000-3 0  7086
2 33378  65.0034  98.8784 0022171 332.1516 197.0006  2.13105190 46546
COSMOS 2443 (725)       
1 33379U 08046B   14261.25237352  .00000041  00000-0  10000-3 0  6925
2 33379  65.0126  98.9456 0019436 179.6544 313.5785  2.13101549 46544
COSMOS 2456 (730)       
1 36111U 09070A   14261.13242847  .00000005  00000-0  00000+0 0  4037
2 36111  64.2229 217.9604 0006077 298.8240 253.4605  2.13103068 37044
COSMOS 2457 (733)       
1 36112U 09070B   14260.46144865  .00000012  00000-0  00000+0 0  3727
2 36112  64.2045 217.9248 0006926 181.4095 349.5275  2.13101607 37039
COSMOS 2458 (734)       
1 36113U 09070C   14260.41917262  .00000013  00000-0  10000-3 0  3896
2 36113  64.2103 217.9277 0002003 290.0355 255.0392  2.13102018 37033
COSMOS 2459 (731)       
1 36400U 10007A   14260.37088258  .00000031  00000-0  10000-3 0  3100
2 36400  64.9898  98.7293 0028560 356.8967 138.1973  2.13102516 35384
COSMOS 2461 (735)       
1 36401U 10007B   14260.78273698  .00000036  00000-0  10000-3 0  2957
2 36401  64.9835  98.7025 0007266  86.9957 274.5514  2.13102576 35392
COSMOS 2460 (732)       
1 36402U 10007C   14260.46060172  .00000032  00000-0  10000-3 0  3052
2 36402  64.9738  98.6979 0001923 123.0703  34.1655  2.13102126 35384
COSMOS 2466 (738)       
1 37137U 10041A   14261.12770920 -.00000079  00000-0  10000-3 0  1813
2 37137  65.0545 338.6198 0022291 155.1259  91.4630  2.13102454 31470
COSMOS 2465 (737)       
1 37138U 10041B   14261.44531459 -.00000077  00000-0  00000+0 0  1858
2 37138  65.0705 338.6689 0036282 169.1793 142.9116  2.13102755 31472
COSMOS 2464 (736)       
1 37139U 10041C   14261.19386586 -.00000078  00000-0  00000+0 0  1693
2 37139  65.0740 338.6688 0019572  14.9825 238.7346  2.13102723 31471
COSMOS 2471 (701K)      
1 37372U 11009A   14261.15992449  .00000040  00000-0  10000-3 0   562
2 37372  64.9859  98.6158 0005341 227.0783 235.7474  2.13112453 27681
COSMOS 2474 (742)       
1 37829U 11055A   14261.27953494  .00000005  00000-0  00000+0 0  8801
2 37829  64.5459 218.1040 0010004 258.3484 271.1247  2.13101953 23047
COSMOS 2476 (744)       
1 37867U 11064A   14261.21228958  .00000006  00000-0  00000+0 0  8370
2 37867  64.5263 218.2038 0018620 253.6814 269.7472  2.13102074 22392
COSMOS 2477 (745)       
1 37868U 11064B   14260.39799671  .00000014  00000-0  00000+0 0  8339
2 37868  64.5353 218.2649 0016704 255.0560 183.3164  2.13101947 22337
COSMOS 2475 (743)       
1 37869U 11064C   14260.59395590  .00000012  00000-0  00000+0 0  8332
2 37869  64.5422 218.2406 0023274 279.4254 264.9465  2.13102249 22343
COSMOS 2478 (746)       
1 37938U 11071A   14261.06547690  .00000039  00000-0  00000+0 0  8115
2 37938  65.0027  98.8257 0012209 232.2067 299.5497  2.13102464 21963
COSMOS 2485 (747)       
1 39155U 13019A   14260.79177253  .00000010  00000-0  00000+0 0  4031
2 39155  64.6943 218.0292 0018646 248.6857 357.4459  2.13102192 10858
COSMOS 2492 (754)       
1 39620U 14012A   14251.27714799  .00000051  00000-0  10000-3 0  1113
2 39620  64.8579  99.0887 0014951 339.6200 198.0532  2.13103658  3623
COSMOS 2500 (755)       
1 40001U 14032A   14261.58010704  .00000044  00000-0  00000+0 0   857
2 40001  64.8014  98.8116 0006585 187.6966 198.8641  2.13103232  2040
