ISS (ZARYA)             
1 25544U 98067A   14261.23801446  .00018591  00000-0  32825-3 0  1047
2 25544  51.6475 358.3858 0002361 110.9951 286.5700 15.50404752905766
TIANGONG 1              
1 37820U 11053A   14261.34623843  .00036812  00000-0  33511-3 0  3975
2 37820  42.7692 110.7497 0007043 262.4919  82.5017 15.67216382170662
FLOCK 1-12              
1 39528U 98067DT  14261.47731436  .00183868  00000-0  89111-3 0  6057
2 39528  51.6352 334.4610 0006036 359.3861   0.7132 15.81397023 33819
FLOCK 1-18              
1 39556U 98067DZ  14261.48526791  .00172693  00000-0  88014-3 0  5633
2 39556  51.6399 336.0576 0005823   4.4008 355.7044 15.80338661 31897
FLOCK 1-20              
1 39560U 98067ED  14261.41938045  .00278907  39219-4  96373-3 0  5269
2 39560  51.6448 332.6533 0011337 359.1801   0.9183 15.88938565 31878
SKYCUBE                 
1 39567U 98067EL  14261.43928303  .00130423  00000-0  78538-3 0  5911
2 39567  51.6401 337.8003 0006477 349.3654 100.3926 15.76761765 31603
SOYUZ-TMA 13M           
1 39775U 14031A   14257.57420076  .00043272  00000-0  75511-3 0   700
2 39775  51.6456  16.5471 0002085  84.9953  10.5439 15.50258412 16874
CHASQUI-1               
1 40117U 98067ET  14261.47972748  .00061844  00000-0  96244-3 0  1033
2 40117  51.6476 356.8886 0003121  92.6053 357.9571 15.53304602  4774
FLOCK 1B-24             
1 40122U 98067EU  14261.54191782  .00040467  00000-0  64352-3 0   816
2 40122  51.6452 356.5410 0001085 110.9736 342.6258 15.52894568 40365
FLOCK 1B-23             
1 40123U 98067EV  14261.41713135  .00038552  00000-0  61348-3 0   886
2 40123  51.6476 357.1566 0002077 154.3294 325.3289 15.52898261 40348
FLOCK 1B-26             
1 40124U 98067EW  14261.54227877  .00053747  00000-0  84609-3 0   882
2 40124  51.6427 356.5457 0001787   6.0494  87.6161 15.53049272 58391
FLOCK 1B-25             
1 40125U 98067EX  14261.54005425  .00058850  00000-0  91461-3 0   835
2 40125  51.6488 356.5217 0005208  14.1585  79.5763 15.53354676 40392
FLOCK 1B-15             
1 40126U 98067EY  14260.38859823  .00044889  00000-0  70381-3 0   943
2 40126  51.6480   2.2719 0003032 156.9570 330.9721 15.53237642 40233
FLOCK 1B-16             
1 40127U 98067EZ  14260.90207475  .00094332  00000-0  14814-2 0   858
2 40127  51.6471 359.7627 0002112 144.4603 315.5034 15.52869904 40315
FLOCK 1B-1              
1 40131U 98067FA  14252.76926406  .00054674  00000-0  87602-3 0   367
2 40131  51.6450  40.1562 0004532 136.2003 223.9863 15.52440680  2953
FLOCK 1B-2              
1 40132U 98067FB  14260.24900407  .00052467  00000-0  81254-3 0   379
2 40132  51.6480   2.9277 0005280 150.3799 297.3345 15.53500690  4081
FLOCK 1B-8              
1 40133U 98067FC  14259.34031748  .00056270  00000-0  89220-3 0   481
2 40133  51.6475   7.5319 0004978 143.4721 216.3122 15.52820503 40233
FLOCK 1B-7              
1 40134U 98067FD  14252.70905206  .00046781  00000-0  75526-3 0   383
2 40134  51.6442  40.5069 0005589 122.7048 237.4998 15.52224038 39210
FLOCK 1B-18             
1 40139U 98067FE  14261.49602036  .00039065  00000-0  64161-3 0   334
2 40139  51.6479 356.9995 0005735 127.4187 322.2594 15.51997571  2040
FLOCK 1B-17             
1 40140U 98067FF  14261.49533730  .00040099  00000-0  65563-3 0   369
2 40140  51.6483 356.9954 0005397 128.9662 320.3108 15.52113056  2049
