GOES 3                  
1 10953U 78062A   14251.33141701 -.00000126  00000-0  00000+0 0  7632
2 10953  14.3345 342.1828 0006436 148.0288 231.0390  1.00265459 85810
TDRS 3                  
1 19548U 88091B   14252.23568959 -.00000315  00000-0  00000+0 0  3605
2 19548  14.4206  19.1112 0033164 294.6261  65.0590  0.99993748 82281
LEASAT 5                
1 20410U 90002B   14252.91754093 -.00000097  00000-0  00000+0 0  2359
2 20410  11.0105  20.5507 0003612 169.5839 201.0610  1.00272950 75591
SKYNET 4C               
1 20776U 90079A   14253.23759686 -.00000053  00000-0  00000+0 0  9536
2 20776  13.0551  26.7709 0002690 225.5350 181.2101  1.00272212 87858
INMARSAT 2-F2           
1 21149U 91018A   14253.46410374  .00000075  00000-0  00000+0 0  2309
2 21149   9.5759  38.0031 0003425 138.0036 198.5393  1.00276606 86116
TDRS 5                  
1 21639U 91054B   14252.58775174  .00000000  00000-0  10000-3 0  6371
2 21639  13.4043  32.7256 0011546 341.9385  18.0724  1.00277383 84626
TDRS 6                  
1 22314U 93003B   14252.25896061 -.00000006  29239-7  10000-3 0  6459
2 22314  12.8555  35.5478 0000746 314.8692  45.1870  1.00272032 79336
INTELSAT 701 (IS-701)   
1 22871U 93066A   14253.02051227 -.00000244  00000-0  00000+0 0  5028
2 22871   2.2275  72.9290 0003666 108.6177 145.3121  1.00272244 76349
NATO 4B                 
1 22921U 93076A   14251.02326144  .00000117  00000-0  10000-3 0  2105
2 22921  11.2676  33.1886 0002974 145.8894 211.8123  1.00269023 76027
INTELSAT 702 (IS-702)   
1 23124U 94034A   14252.14182937  .00000000  00000-0  10000-3 0  3023
2 23124   2.5791  71.5071 0003138  51.0004 309.6006  1.00274023 88272
OPTUS B3                
1 23227U 94055A   14252.75141828 -.00000104  00000-0  00000+0 0  5495
2 23227   5.6836  58.4914 0006066 121.4272 243.5123  1.00271226 73342
NSS-703                 
1 23305U 94064A   14252.34210690  .00000000  00000-0  10000-3 0  1575
2 23305   4.1801  64.0165 0003242  94.3760 266.0068  1.00265568 73068
ASTRA 1D                
1 23331U 94070A   14253.37910685 -.00000302  00000-0  00000+0 0   419
2 23331   5.8773  57.5931 0002537  72.6646 287.9540  1.00273543 73204
BRASILSAT B2            
1 23536U 95016A   14251.30895576 -.00000309  00000-0  00000+0 0  1552
2 23536   5.4910  59.3534 0001698  94.4667 241.5046  1.00270236 71268
AMSC 1                  
1 23553U 95019A   14253.45033472 -.00000133  00000-0  00000+0 0    94
2 23553   8.5937  49.7283 0003784 130.2097 228.3009  1.00272232 71099
INTELSAT 706 (IS-706)   
1 23571U 95023A   14252.64757275 -.00000169  00000-0  00000+0 0  1419
2 23571   2.5062  71.3707 0003587 107.4187 199.8736  1.00270105 70692
TDRS 7                  
1 23613U 95035B   14250.63318078 -.00000214  00000-0  00000+0 0  8216
2 23613  14.2400  26.3653 0021148  15.2832 257.7000  1.00276855 70068
ASTRA 1E                
1 23686U 95055A   14253.22509986  .00000123  00000-0  00000+0 0   979
2 23686   3.5370  67.4734 0003839 123.0753 270.8621  1.00272685 69181
ECHOSTAR 1              
1 23754U 95073A   14253.43795513 -.00000272  00000-0  10000-3 0  2277
2 23754   0.0440 273.6995 0002044 258.9644 257.2502  1.00272247 68350
ABS-1A                  
1 23768U 96003A   14253.03621575 -.00000147  00000-0  00000+0 0  2522
2 23768   6.5567  55.8171 0004545 151.5873 232.5918  1.00271277 68317
INMARSAT 3-F1           
1 23839U 96020A   14252.92212988 -.00000019  00000-0  00000+0 0  5702
2 23839   2.0138  72.3078 0005348  94.9548 218.0927  1.00273659 67529
ASTRA 1F                
1 23842U 96021A   14252.81127260  .00000057  00000-0  00000+0 0  1676
2 23842   0.0615 300.5104 0003919 229.5813 165.3756  1.00271728 67439
MSAT M1                 
1 23846U 96022A   14253.18821851 -.00000111  00000-0  00000+0 0  8465
2 23846   6.0789  57.2090 0005804 113.0117 140.1898  1.00272271 67353
PALAPA C2               
1 23864U 96030A   14253.34307448 -.00000227  00000-0  10000-3 0   794
2 23864   3.6828  65.9923 0002094  81.7164 115.5770  1.00271654 67081
APSTAR 1A               
1 23943U 96039A   14252.36766480 -.00000162  00000-0  00000+0 0  5065
2 23943   7.5694  48.4278 0017766 235.6285 124.3564  0.99190260 66604
INMARSAT 3-F2           
1 24307U 96053A   14253.30556874 -.00000153  00000-0  00000+0 0  3883
2 24307   0.5602  83.4579 0005706  76.1750 284.1593  1.00271709 65955
AMC-1 (GE-1)            
1 24315U 96054A   14253.42066154 -.00000132  00000-0  00000+0 0  4702
2 24315   0.0284 309.5753 0002815 173.2469 274.9895  1.00271951 65934
AFRICASAT-2 (MEASAT-2)  
1 24653U 96063B   14252.65677846 -.00000250  00000-0  00000+0 0  1929
2 24653   5.7864  58.0981 0007060 119.3318 195.5366  1.00267215 65327
EUTELSAT 48A            
1 24665U 96067A   14252.59290590  .00000092  00000-0  10000-3 0   888
2 24665   4.5567  62.6380 0005000 119.0713  68.5717  1.00273468 65572
INMARSAT 3-F3           
1 24674U 96070A   14253.44734868  .00000009  00000-0  00000+0 0  4537
2 24674   1.4152  76.9447 0005378 106.8620 144.7226  1.00271194 64888
AMC-2 (GE-2)            
1 24713U 97002A   14253.37877906 -.00000256  00000-0  00000+0 0  9282
2 24713   2.3938  71.7605 0004855 102.5435 230.5647  1.00271267 15270
INTELSAT 26 (IS-26)     
1 24732U 97007A   14252.92120610 -.00000032  00000-0  00000+0 0  7764
2 24732   5.7521  58.2954 0002736 109.0177 219.0058  1.00273416 64218
GALAXY 25 (G-25)        
1 24812U 97026A   14252.31200856 -.00000193  00000-0  00000+0 0  9094
2 24812   0.0258 129.5602 0003144  32.5822 205.3707  1.00272146 63302
INMARSAT 3-F4           
1 24819U 97027A   14253.43279741 -.00000316  00000-0  00000+0 0  2815
2 24819   3.9254  64.1682 0005519 102.0472 284.9398  1.00267964 63313
SUPERBIRD-A3            
1 24880U 97036A   14252.85229487 -.00000283  00000-0  00000+0 0  8538
2 24880   4.8835  61.3659 0004383 123.3182 203.9451  1.00269666 62637
ABS-3                   
1 24901U 97042A   14253.22396767 -.00000057  00000-0  00000+0 0  2743
2 24901   2.9664  69.9482 0003746 116.2295 240.5962  1.00273650 62469
INTELSAT 5 (IS-5)       
1 24916U 97046A   14252.89456528 -.00000219  00000-0  10000-3 0  9604
2 24916   1.5340  76.4734 0004569 115.5462 264.3484  1.00521260 62530
METEOSAT-7              
1 24932U 97049B   14253.03601407  .00000032  00000-0  00000+0 0  3713
2 24932   9.2265  47.2138 0002620 155.6531 216.7612  1.00266416 62354
AMC-3 (GE-3)            
1 24936U 97050A   14253.15141057 -.00000303  00000-0  10000-3 0  9917
2 24936   0.0504 288.4605 0002255 251.9486 156.2010  1.00270228 62349
NSS-5                   
1 24957U 97053A   14252.98273850  .00000082  00000-0  00000+0 0  9727
2 24957   1.8423  74.8151 0003647  88.0108 230.3929  1.00273041 62136
ECHOSTAR 3              
1 25004U 97059A   14252.48746125 -.00000312  00000-0  10000-3 0  8587
2 25004   0.0741  74.7045 0001693  98.0206 289.4249  1.00271814 62040
JCSAT-1B                
1 25067U 97075A   14253.34307448 -.00000232  00000-0  10000-3 0  1765
2 25067   3.7006  65.7611 0005162  96.5334 100.4913  1.00270121 61467
ASTRA 1G                
1 25071U 97076A   14252.81141744  .00000020  00000-0  00000+0 0  7144
2 25071   0.2621  72.8229 0002627  81.1676 186.7116  1.00272134 61450
BRASILSAT B3            
1 25152U 98006A   14253.32875075 -.00000199  00000-0  00000+0 0  1665
2 25152   2.0609  74.4172 0002940  72.9164 228.3225  1.00272900 60857
INMARSAT 3-F5           
1 25153U 98006B   14253.16797376  .00000110  00000-0  00000+0 0  3456
2 25153   0.5670  65.7361 0004440 105.4577 263.0235  1.00275227 60839
EUTELSAT 16B            
1 25237U 98013A   14253.22914561  .00000072  00000-0  10000-3 0  9808
2 25237   2.3703  72.3706 0004924  97.0218 278.0690  1.00272102 60875
NSS-806                 
1 25239U 98014A   14253.31019627 -.00000309  00000-0  00000+0 0  3713
2 25239   0.0509 352.9546 0004375 189.6922 230.7802  1.00272845 60600
THOR III                
1 25358U 98035A   14253.23342137 -.00000068  00000-0  00000+0 0  5774
2 25358   3.6041  65.9527 0002351 102.5153 260.4409  1.00271022 59623
INTELSAT 805 (IS-805)   
1 25371U 98037A   14253.07671405 -.00000316  00000-0  10000-3 0  4620
2 25371   0.0451 264.9938 0003910 283.2553 132.9054  1.00271769 59463
ASTRA 2A                
1 25462U 98050A   14253.22566983  .00000120  00000-0  00000+0 0  9270
2 25462   0.0369 114.4915 0004687  34.4578 309.6814  1.00275471 58731
INTELSAT 7 (IS-7)       
1 25473U 98052A   14253.22529058  .00000086  00000-0  10000-3 0   172
2 25473   1.1119  79.0667 0007516  61.9996 311.7936  1.00111127 58557
SIRIUS 3                
1 25492U 98056B   14252.06432884  .00000000  00000-0  10000-3 0  6338
2 25492   4.6955  62.0862 0000769 201.1905 159.1130  1.00269492 58395
AFRISTAR                
1 25515U 98063A   14253.10579662  .00000097  00000-0  00000+0 0  5727
2 25515   1.6750  73.3767 0004627  91.5423 243.2336  1.00274920 58084
INTELSAT 8 (IS-8)       
1 25522U 98065A   14252.07992344 -.00000059  00000-0  10000-3 0  7702
2 25522   0.0238 224.1084 0005243 247.3837  74.4136  1.00271459 58052
BONUM-1                 
1 25546U 98068A   14253.08903383  .00000047  00000-0  10000-3 0  7928
2 25546   2.3854  72.4969 0002329  82.6693 282.0744  1.00273355 57952
EUTELSAT 115 WEST A     
1 25558U 98070A   14253.24211030 -.00000055  00000-0  10000-3 0  5965
2 25558   1.1225  78.9928 0004026 100.2214 142.2291  1.00272239 57945
JCSAT-4A                
1 25630U 99006A   14252.95584881 -.00000185  00000-0  10000-3 0  5908
2 25630   0.2175  86.5588 0001825  79.3755 249.0307  1.00271920 56902
SKYNET 4E               
1 25639U 99009B   14251.02564159  .00000119  00000-0  10000-3 0  6540
2 25639   8.9810  37.0513 0003514 131.9026 219.6425  1.00272793 56918
ASIASAT 3S              
1 25657U 99013A   14251.88031094 -.00000392  00000-0  00000+0 0  9065
2 25657   0.4383  83.2053 0002063 115.7929 225.7776  1.00269721 56714
EUTELSAT 48C            
1 25673U 99018A   14252.11704777  .00000000  00000-0  10000-3 0   296
2 25673   1.4253  77.2772 0004337 105.1698 255.8939  1.00270649 56482
ASTRA 1H                
1 25785U 99033A   14253.49786544 -.00000301  00000-0  00000+0 0  6501
2 25785   1.8298  75.0942 0003432 118.9578 267.0362  1.00272239 55827
TELKOM 1                
1 25880U 99042A   14252.78941263 -.00000374  00000-0  00000+0 0  8556
2 25880   0.0311 265.4871 0001930 290.6536 184.7866  1.00267492 55288
ABS-7                   
1 25894U 99046A   14252.24836258  .00000000  00000-0  10000-3 0  7237
2 25894   0.0211 247.9640 0000397 276.0837  29.6599  1.00264777 51200
GALAXY 27 (G-27)        
1 25922U 99052A   14252.92102112 -.00000034  00000-0  00000+0 0  5899
2 25922   1.1891  78.2908 0003593 102.3631 205.9910  1.00272416 54785
ABS-6                   
1 25924U 99053A   14253.43140137 -.00000150  00000-0  10000-3 0  8367
2 25924   0.0344 273.0402 0001608 217.6052 173.0494  1.00271354 54810
TELSTAR 12 (ORION 2)    
1 25949U 99059A   14253.22186515 -.00000150  00000-0  00000+0 0  6360
2 25949   0.0407 270.5087 0003175 246.8776 256.6565  1.00271677 54518
AMC-4 (GE-4)            
1 25954U 99060A   14253.49786544 -.00000303  00000-0  10000-3 0  9655
2 25954   0.0344  21.4673 0002393 109.9859 330.2138  1.00270069 54395
GALAXY 11 (G-11)        
1 26038U 99071A   14252.93765726 -.00000316  00000-0  10000-3 0  9618
2 26038   0.0141  42.1877 0000370  99.7405 128.9311  1.00270929 54004
HISPASAT 1C             
1 26071U 00007A   14253.37869521 -.00000242  00000-0  10000-3 0  3378
2 26071   0.0416  25.4960 0002603 126.1885 250.1381  1.00271593 53553
GARUDA 1                
1 26089U 00011A   14252.95338500 -.00000388  00000-0  00000+0 0  4932
2 26089   1.2124 220.3124 0003238 351.8844 242.8509  1.00267207 53384
SUPERBIRD-B2            
1 26095U 00012A   14253.46347744 -.00000123  00000-0  00000+0 0  8152
2 26095   0.0306 252.5349 0002190 277.7024 148.0156  1.00271505 53389
EXPRESS-A2              
1 26098U 00013A   14253.34027256 -.00000273  00000-0  00000+0 0  4035
2 26098   7.3778  53.1923 0015590 107.0203  96.5272  1.00275646 53072
ASIASTAR                
1 26107U 00016A   14253.47187808 -.00000362  00000-0  00000+0 0  7697
2 26107   0.0645 340.5229 0004498 182.0657 101.7117  1.00272942 53050
EUTELSAT 16C            
1 26243U 00019A   14253.10563654  .00000065  00000-0  00000+0 0  5662
2 26243   2.3015  71.8409 0002690  89.7068 240.0171  1.00272339 52711
EUTELSAT 36A            
1 26369U 00028A   14252.06273052  .00000000  00000-0  10000-3 0  6378
2 26369   0.0776  27.9550 0004248 150.7946 227.9792  1.00271154 52372
TDRS 8                  
1 26388U 00034A   14252.85677432 -.00000250  00000-0  10000-3 0  2782
2 26388   5.6608  65.8842 0005310 101.7578 218.7503  1.00267674 52089
ECHOSTAR 6              
1 26402U 00038A   14253.59131794 -.00000174  00000-0  00000+0 0  7898
2 26402   2.2165  72.9280 0002206  98.2941 294.9795  1.00271145 51858
INTELSAT 9 (IS-9)       
1 26451U 00043A   14252.35841480 -.00000299  00000-0  10000-3 0  3687
2 26451   1.5169  76.7746 0002873  78.7800 278.7001  1.00270400 51734
BRASILSAT B4            
1 26469U 00046A   14253.37869521 -.00000241  00000-0  10000-3 0  6082
2 26469   0.0523 131.5056 0002314  29.2964 240.8737  1.00270605 51549
NILESAT 102             
1 26470U 00046B   14251.81378185 -.00000088  00000-0  00000+0 0  3050
2 26470   0.0512 301.7494 0002703 232.8439  99.1260  1.00272348 51527
ASTRA 2B                
1 26494U 00054A   14253.22509986  .00000124  00000-0  00000+0 0  5116
2 26494   0.1521  62.9641 0003175  92.1255 306.4503  1.00272255 51184
AMC-7 (GE-7)            
1 26495U 00054B   14252.50349051  .00000066  00000-0  00000+0 0  4767
2 26495   0.0473 298.7269 0002778 232.6226 221.3658  1.00272545 51214
NSS-11 (AAP-1)          
1 26554U 00059A   14252.40809034  .00000000  00000-0  10000-3 0  7721
2 26554   0.0409 282.6237 0005433 191.6676 129.1698  1.00264764 51099
N-SAT-110 (JCSAT-110)   
1 26559U 00060A   14253.47924927 -.00000381  00000-0  10000-3 0  7391
2 26559   0.0315 293.3173 0000217 134.4264 204.2806  1.00270255 51033
AMC-6 (GE-6)            
1 26580U 00067A   14253.43515925 -.00000290  00000-0  10000-3 0  5906
2 26580   0.0534 303.2125 0003281 225.8954 264.9382  1.00271878 50890
INTELSAT 12 (IS-12)     
1 26590U 00068A   14253.03016549  .00000106  00000-0  00000+0 0  3157
2 26590   0.0293  53.1419 0003463 131.9737 219.7100  1.00273314 50790
INTELSAT 1R (IS-1R)     
1 26608U 00072A   14253.20366838 -.00000313  00000-0  00000+0 0  9416
2 26608   0.0367 326.0404 0000364 116.7577 289.6566  1.00269817 50591
ANIK F1                 
1 26624U 00076A   14252.70421655  .00000000  00000-0  10000-3 0  4334
2 26624   0.0283 117.1447 0003171  46.5872 331.1458  1.00268304 50637
ASTRA 2D                
1 26638U 00081A   14253.22566983  .00000119  00000-0  00000+0 0  6829
2 26638   1.6814  75.0795 0001164 106.1705 277.2025  1.00276714 50358
AMC-8 (GE-8)            
1 26639U 00081B   14253.21362112  .00000074  00000-0  00000+0 0  4689
2 26639   0.0542 304.9898 0002685 212.7656 129.3053  1.00272138 50282
TURKSAT 2A              
1 26666U 01002A   14252.10799608  .00000000  00000-0  10000-3 0  6253
2 26666   0.0408  30.1390 0007126  82.2090 316.6492  1.00272923 50050
SKYNET 4F               
1 26695U 01005B   14252.31354079 -.00000268  00000-0  10000-3 0  1870
2 26695   7.5277  44.5151 0002338 157.3324 225.3313  1.00273791 49786
EUTELSAT 28A            
1 26719U 01011A   14252.04659877  .00000000  00000-0  10000-3 0  8362
2 26719   0.0651  12.8094 0003990 165.0133 215.4772  1.00271023 49482
XM-2 (ROCK)             
1 26724U 01012A   14250.31724928 -.00000230  00000-0  00000+0 0  9224
2 26724   0.1140  34.1070 0008512 260.1259 139.1156  1.00262305 49418
XM-1 (ROLL)             
1 26761U 01018A   14253.24368490 -.00000053  00000-0  10000-3 0  7714
2 26761   0.1808 266.2392 0004480 317.2201  98.1958  1.00271603 48926
INTELSAT 10 (IS-10)     
1 26766U 01019A   14252.81107440  .00000096  00000-0  00000+0 0  6202
2 26766   0.0090 236.9247 0002644 282.3344 168.9846  1.00272105 48825
INTELSAT 901 (IS-901)   
1 26824U 01024A   14252.34643802  .00000000  00000-0  10000-3 0  4082
2 26824   0.0388  60.6758 0002837  91.9540 302.3394  1.00266303 48561
ASTRA 2C                
1 26853U 01025A   14253.22566983  .00000119  00000-0  00000+0 0  1552
2 26853   0.0763 317.4385 0001038 276.7341 224.4395  1.00270829 48522
ARTEMIS                 
1 26863U 01029A   14253.10580425  .00000092  00000-0  00000+0 0  8121
2 26863  11.4054  44.3152 0003932 161.1546 203.1208  1.00274924 49325
INTELSAT 902 (IS-902)   
1 26900U 01039A   14251.74245938  .00000003  00000-0  00000+0 0  3889
2 26900   0.0152 157.8328 0003211   4.8302 154.3412  1.00272442 47705
EUTELSAT 8 WEST A       
1 26927U 01042A   14251.81375898 -.00000096  00000-0  00000+0 0  1442
2 26927   0.0644  20.2078 0005851 137.6948 114.7676  1.00271785 47417
DIRECTV 4S              
1 26985U 01052A   14251.15751491 -.00000143  00000-0  00000+0 0  4098
2 26985   0.0416 276.7807 0000880 309.0186  76.8677  1.00271506 46871
INSAT-3C                
1 27298U 02002A   14252.02332314 -.00000107  00000-0  00000+0 0  8889
2 27298   0.0116 207.4219 0006531 287.2138 295.7243  1.00272197 46268
ECHOSTAR 7              
1 27378U 02006A   14253.23043301 -.00000031  00000-0  00000+0 0  5930
2 27378   0.0392 293.5950 0001603 278.5192 101.2318  1.00273239 45967
INTELSAT 904 (IS-904)   
1 27380U 02007A   14253.09068072  .00000018  00000-0  10000-3 0  5096
2 27380   0.0341 358.8639 0003303 171.7003 271.1234  1.00272445 46005
TDRS 9                  
1 27389U 02011A   14253.19916950 -.00000290  00000-0  10000-3 0  5125
2 27389   3.1521  96.6523 0008001 326.8562 316.4480  1.00274266 47347
JCSAT-2A                
1 27399U 02015A   14252.76371299 -.00000196  00000-0  00000+0 0  3031
2 27399   0.0335 270.6720 0001986 251.2186 255.7686  1.00270897 45604
ASTRA 3A                
1 27400U 02015B   14252.69489587  .00000042  00000-0  00000+0 0  2056
2 27400   1.8561  74.0278 0001238  90.3319 257.5776  1.00273101 45613
INTELSAT 903 (IS-903)   
1 27403U 02016A   14253.19145300 -.00000269  00000-0  00000+0 0  1093
2 27403   0.0123  97.6742 0002988  87.9583 197.9337  1.00271853 45618
NSS-7                   
1 27414U 02019A   14252.11983409 -.00000185  00000-0  00000+0 0  4763
2 27414   0.0186  33.4696 0002244 132.7168 205.0440  1.00271333 45482
DIRECTV 5 (TEMPO 1)     
1 27426U 02023A   14253.16905854 -.00000086  00000-0  10000-3 0  5277
2 27426   0.0071 144.2499 0003341  22.4029 133.2067  1.00272135 45220
INTELSAT 905 (IS-905)   
1 27438U 02027A   14251.34376015 -.00000214  00000-0  00000+0 0  9411
2 27438   0.0227 270.3407 0003053 232.1404 304.1024  1.00271394 44916
EXPRESS-A4              
1 27441U 02029A   14253.29127128 -.00000142  00000-0  00000+0 0  6778
2 27441   4.2438  63.8968 0005474  90.0356 286.1726  1.00271363 44883
GALAXY 3C (G-3C)        
1 27445U 02030A   14253.56597895 -.00000181  00000-0  10000-3 0  1285
2 27445   0.0181 321.9675 0000083 103.1089  33.1482  1.00270779 44866
EUTELSAT 5 WEST A       
1 27460U 02035A   14251.12034944 -.00000072  00000-0  10000-3 0  2693
2 27460   0.0487 319.5458 0004607 206.3162 219.5508  1.00271974 44630
N-STAR C                
1 27461U 02035B   14251.70685490 -.00000335  00000-0  00000+0 0    62
2 27461   2.6847  71.3566 0002529 112.0998 194.7574  1.00271732 44575
EUTELSAT 8 WEST C       
1 27499U 02038A   14252.34968572 -.00000094  00000-0  00000+0 0  6273
2 27499   0.0621 311.6431 0001817 291.3360 223.6716  1.00266005 44119
ECHOSTAR 8              
1 27501U 02039A   14253.43795513 -.00000273  00000-0  10000-3 0  5501
2 27501   0.0486 275.3088 0002846 258.8718 255.9715  1.00271509 44183
EUTELSAT 12 WEST A      
1 27508U 02040A   14253.50204813 -.00000131  00000-0  10000-3 0  3574
2 27508   0.0748   8.3973 0003351 144.0581   5.2199  1.00271985 44162
METEOSAT-8 (MSG-1)      
1 27509U 02040B   14253.10536211 -.00000008  00000-0  00000+0 0  1072
2 27509   3.0104  61.9527 0002127 166.3891 162.3413  1.00267388 44158
INTELSAT 906 (IS-906)   
1 27513U 02041A   14252.92212988 -.00000016  00000-0  00000+0 0  1944
2 27513   0.0137  56.2844 0003069 122.1014 206.6025  1.00272654 44027
KODAMA (DRTS)           
1 27516U 02042B   14251.97333111  .00000000  00000-0  10000-3 0  5192
2 27516   3.1395  68.6069 0003859  42.9386 317.5613  1.00268802 43983
KALPANA-1 (METSAT 1)    
1 27525U 02043A   14252.00298498  .00000000  00000-0  10000-3 0   865
2 27525   4.5463  62.7483 0011934 198.3217 161.9537  1.00268974 43943
HISPASAT 1D             
1 27528U 02044A   14252.87112072 -.00000247  00000-0  00000+0 0  1991
2 27528   0.0422 244.3062 0005363 299.6378  88.4769  1.00269380 43880
EUTELSAT 33B            
1 27554U 02051A   14252.20822184  .00000000  00000-0  10000-3 0  2843
2 27554   0.0485  70.0589 0003404 124.1414 262.0485  1.00273095 43279
TDRS 10                 
1 27566U 02055A   14252.58952171  .00000054  00000-0  00000+0 0  2069
2 27566   3.1980  63.0106 0005308 184.4077 138.9143  1.00271977 43136
NSS-6                   
1 27603U 02057A   14252.12745140  .00000000  00000-0  10000-3 0   625
2 27603   0.0496 117.3244 0001615 354.7108  16.9355  1.00267295 43022
NIMIQ 2                 
1 27632U 02062A   14253.38990404 -.00000093  00000-0  00000+0 0   423
2 27632   0.0936 267.0178 0003014 242.4488 231.0506  1.00272328 42863
INTELSAT 907 (IS-907)   
1 27683U 03007A   14253.42004811 -.00000233  00000-0  00000+0 0  7267
2 27683   0.0023 290.5324 0003475 244.9269 297.6233  1.00271580 42364
INSAT-3A                
1 27714U 03013A   14252.85247867 -.00000288  00000-0  00000+0 0  4981
2 27714   0.0522 257.7643 0004836 231.1731 260.2504  1.00269179 41857
GALAXY 12 (G-12)        
1 27715U 03013B   14253.25927862  .00000028  00000-0  10000-3 0   619
2 27715   0.0333 274.5285 0003456 269.5513 129.4672  1.00272694 41901
ASIASAT 4               
1 27718U 03014A   14252.95338500 -.00000390  00000-0  10000-3 0  7591
2 27718   0.0009 167.1188 0001829 341.4752 305.6446  1.00272359 41837
HELLAS-SAT 2            
1 27811U 03020A   14252.34743913  .00000000  00000-0  10000-3 0  9109
2 27811   0.0244 152.0066 0003958  16.9734 343.4100  1.00270394 41338
AMC-9 (GE-12)           
1 27820U 03024A   14252.31627508 -.00000246  00000-0  00000+0 0   908
2 27820   0.0298 328.2584 0003258 191.3196 219.5620  1.00271724 41262
THURAYA-2               
1 27825U 03026A   14251.97778645  .00000000  00000-0  10000-3 0  8972
2 27825   3.9873  23.7125 0005038 126.9248 233.3724  1.00271442 41251
OPTUS C1                
1 27831U 03028B   14252.64757275 -.00000178  00000-0  00000+0 0  2024
2 27831   0.0229 183.3918 0004946 342.1682 212.1849  1.00270525 41226
ECHOSTAR 12 (RAINBOW 1) 
1 27852U 03033A   14252.05836058 -.00000312  00000-0  00000+0 0  1406
2 27852   0.0474 295.6485 0001422 240.9345 131.1004  1.00272120 40870
GALAXY 23 (G-23)        
1 27854U 03034A   14251.56167259 -.00000017  00000-0  00000+0 0   225
2 27854   0.0150 132.3044 0003365  31.2504 265.2039  1.00273010 40615
EUTELSAT 33A            
1 27948U 03043A   14253.22509986  .00000124  00000-0  10000-3 0  2743
2 27948   0.3418  78.2226 0000706  43.3715 339.4284  1.00274245 40238
GALAXY 13 (HORIZONS-1)  
1 27954U 03044A   14252.61123522  .00000018  00000-0  00000+0 0  8980
2 27954   0.0077 166.9876 0000506 328.6973 305.9210  1.00272092 40136
YAMAL 202               
1 28089U 03053A   14252.27349458  .00000000  00000-0  10000-3 0  1518
2 28089   0.0330 122.6760 0002131  27.8263 345.2064  1.00270603 39605
AMOS-2                  
1 28132U 03059A   14253.22396767 -.00000065  00000-0  00000+0 0  9395
2 28132   0.0582 236.5484 0003679 280.3961 268.8522  1.00270001 39296
EXPRESS-AM22 (SESAT 2)  
1 28134U 03060A   14253.16777451  .00000067  00000-0  10000-3 0  2631
2 28134   0.0281 296.8507 0001467 303.8902 221.7913  1.00273970 39210
AMC-10 (GE-10)          
1 28154U 04003A   14253.45861869  .00000057  00000-0  10000-3 0  1504
2 28154   0.0453 295.8950 0002408 210.7783 232.8306  1.00272613 38843
ABS-2I                  
1 28184U 04007A   14252.08922839 -.00000008  00000-0  10000-3 0   263
2 28184   0.0547  81.2966 0002900 117.9763 244.1026  1.00274001 38519
EUTELSAT 7A             
1 28187U 04008A   14252.11723683  .00000018  00000-0  00000+0 0  9069
2 28187   0.0656 343.7463 0005680 194.5793 218.9454  1.00271822 38470
DIRECTV 7S              
1 28238U 04016A   14252.59470278  .00000001  29732-7  10000-3 0  1144
2 28238   0.0387  44.8655 0003555 156.2312 242.5322  1.00270397 37989
AMC-11 (GE-11)          
1 28252U 04017A   14253.31979778  .00000038  00000-0  00000+0 0  7344
2 28252   0.0382 308.3743 0002418 211.0211 174.0153  1.00273985 37731
INTELSAT 10-02          
1 28358U 04022A   14253.23971197 -.00000041  00000-0  10000-3 0  9033
2 28358   0.0128 156.6728 0000860  16.8855 260.9635  1.00272325 37532
APSTAR 5 (TELSTAR 18)   
1 28364U 04024A   14251.70600332 -.00000324  00000-0  00000+0 0  9996
2 28364   0.0404 279.1279 0002552 235.0026 225.7097  1.00272297 37464
ANIK F2                 
1 28378U 04027A   14252.39234459 -.00000080  00000-0  10000-3 0  6556
2 28378   0.0416 344.8234 0000305 175.4105 218.2948  1.00271949 37254
AMAZONAS 1              
1 28393U 04031A   14253.08630262 -.00000316  00000-0  00000+0 0  5025
2 28393   0.0258 127.6190 0002399  53.3249 143.7745  1.00269483 37023
AMC-15                  
1 28446U 04041A   14252.54618339 -.00000119  00000-0  10000-3 0  1118
2 28446   0.0421 291.0779 0002173 235.1840 273.8238  1.00272161 36297
FENGYUN 2C              
1 28451U 04042A   14252.54334808 -.00000387  00000-0  10000-3 0   993
2 28451   5.6113  58.1980 0001464 254.2010 355.0374  1.00280158 36201
AMC-16                  
1 28472U 04048A   14251.14894519 -.00000235  00000-0  10000-3 0   528
2 28472   0.0482 293.0105 0002909 230.0234 152.7120  1.00270393 35699
NSS-10 (AMC-12)         
1 28526U 05003A   14253.36153097 -.00000281  00000-0  10000-3 0  4946
2 28526   0.0364  35.8107 0003100 144.3909 261.8456  1.00271138 35223
XTAR-EUR                
1 28542U 05005A   14253.22566983  .00000121  00000-0  00000+0 0  5581
2 28542   0.0412 273.0702 0002565 248.6027 297.7419  1.00272899 35081
HIMAWARI-6 (MTSAT-1R)   
1 28622U 05006A   14252.35673946  .00000000  00000-0  10000-3 0  2423
2 28622   0.0596 281.4987 0000529 259.2104  76.0020  1.00267723 34909
XM-3 (RHYTHM)           
1 28626U 05008A   14252.55700286 -.00000236  00000-0  10000-3 0  7101
2 28626   0.0137  36.9201 0000173 176.4367 250.5679  1.00270748 34968
INMARSAT 4-F1           
1 28628U 05009A   14252.83311331 -.00000289  00000-0  10000-3 0  6123
2 28628   2.7108 357.8055 0003096 169.3404 265.0516  1.00270536 34583
EXPRESS-AM2             
1 28629U 05010A   14253.09046315 -.00000166  00000-0  10000-3 0  6249
2 28629   0.2627  86.9635 0000719 260.4490 114.2058  1.00271231 34617
APSTAR 6                
1 28638U 05012A   14252.89552911 -.00000348  00000-0  10000-3 0  9731
2 28638   0.0237  99.1707 0002051  72.3420 273.7313  1.00269345 59325
SPACEWAY 1              
1 28644U 05015A   14253.45033413 -.00000133  00000-0  00000+0 0  9833
2 28644   0.0235 307.2477 0000069 222.0734 239.2796  1.00271838 34422
DIRECTV 8               
1 28659U 05019A   14252.55255054 -.00000146  00000-0  00000+0 0   464
2 28659   0.0223  80.3379 0003362  88.1438 278.0923  1.00271760 34085
GALAXY 28 (G-28)        
1 28702U 05022A   14253.00270807 -.00000216  00000-0  00000+0 0  8120
2 28702   0.0114  93.7195 0001290  53.2899 113.9170  1.00270775 33781
EXPRESS-AM3             
1 28707U 05023A   14253.02662794 -.00000352  00000-0  10000-3 0  4276
2 28707   0.0513 301.3875 0001435 334.8992 185.2659  1.00269837 33764
THAICOM 4               
1 28786U 05028A   14252.06003591 -.00000568 -63828-6  10000-3 0  5123
2 28786   0.0202 100.3312 0002082  38.5825 350.3014  1.00271749 33261
GALAXY 14 (G-14)        
1 28790U 05030A   14253.24267995  .00000006  00000-0  10000-3 0  8442
2 28790   0.0442 294.4746 0002779 235.1757 141.9001  1.00272849 33206
ANIK F1R                
1 28868U 05036A   14253.38816875 -.00000104  00000-0  00000+0 0  6382
2 28868   0.0158  77.9582 0001222  46.2435 257.5524  1.00271629 33067
GALAXY 15 (G-15)        
1 28884U 05041A   14252.53423959  .00000049  00000-0  00000+0 0  8120
2 28884   0.0436 291.8794 0001306 224.9352 250.9815  1.00271661 32584
SYRACUSE 3A             
1 28885U 05041B   14252.28257656  .00000000  00000-0  10000-3 0  6278
2 28885   0.0330 124.8610 0002773  48.4114 323.6924  1.00269937 32733
INMARSAT 4-F2           
1 28899U 05044A   14253.09928802  .00000108  00000-0  00000+0 0  4636
2 28899   2.3915 357.5705 0002844 173.8875 238.4326  1.00273920 32419
TELKOM 2                
1 28902U 05046A   14252.83551412 -.00000393  00000-0  00000+0 0  6441
2 28902   0.0065 192.3301 0001845 356.9059 218.3722  1.00271853 32263
SPACEWAY 2              
1 28903U 05046B   14253.33416816 -.00000157  00000-0  00000+0 0  8198
2 28903   0.0008  60.1472 0000113 158.9899 151.3120  1.00271069 32404
INSAT-4A                
1 28911U 05049A   14251.90137090 -.00000195  00000-0  00000+0 0  5172
2 28911   0.0627 270.6945 0006021 309.1669 175.5069  1.00271448 31985
METEOSAT-9 (MSG-2)      
1 28912U 05049B   14252.81009104  .00000032  00000-0  00000+0 0  2444
2 28912   0.3996  19.0527 0000360 184.9332  85.7183  1.00267497 31994
EUTELSAT 172A (GE-23)   
1 28924U 05052A   14252.38270461 -.00000036  00000-0  10000-3 0  7668
2 28924   0.0754 316.6006 0005640 209.3784 132.1311  1.00272316 31876
ECHOSTAR 10             
1 28935U 06003A   14252.50973635 -.00000086  00000-0  10000-3 0  9953
2 28935   0.0489 296.5311 0002321 257.0667 228.1890  1.00271129 31410
HIMAWARI-7 (MTSAT-2)    
1 28937U 06004A   14252.54724438 -.00000274  00000-0  00000+0 0  7137
2 28937   0.0436 268.5973 0002892 234.3126 187.5894  1.00268788 31327
SPAINSAT                
1 28945U 06007A   14252.87112072 -.00000247  00000-0  00000+0 0  4766
2 28945   0.0624 316.4098 0002813 233.0641  82.9449  1.00269598 31141
EUTELSAT 9A             
1 28946U 06007B   14253.29828389  .00000031  00000-0  10000-3 0  5507
2 28946   0.0409  72.7414 0004598 117.7817 275.1150  1.00273350 31216
JCSAT-5A                
1 29045U 06010A   14253.01025319  .00000000  00000-0  10000-3 0  5533
2 29045   0.0160  69.2572 0004848  10.3430  45.0391  1.00264518 30850
ASTRA 1KR               
1 29055U 06012A   14250.70947951  .00000091  00000-0  00000+0 0  1300
2 29055   0.0854 277.1356 0005089 288.3018  55.8482  1.00273349 30681
GOES 13                 
1 29155U 06018A   14253.43812378 -.00000280  00000-0  00000+0 0  3048
2 29155   0.0180 187.6710 0003548 304.0399 300.3889  1.00279172 30420
EUTELSAT 113 WEST A     
1 29162U 06020A   14252.49258078 -.00000068  00000-0  00000+0 0  5153
2 29162   0.0277 291.2430 0002175 245.4781 236.0692  1.00271791 30374
THAICOM 5               
1 29163U 06020B   14252.01633641 -.00000151  00000-0  00000+0 0  7914
2 29163   0.0429 271.1350 0004845 299.7903 221.4332  1.00271658 30423
GALAXY 16 (G-16)        
1 29236U 06023A   14252.56275056 -.00000157  00000-0  10000-3 0  8237
2 29236   0.0244 257.3307 0003471 255.6675 299.1165  1.00271602 30164
EUTELSAT HOT BIRD 13B   
1 29270U 06032A   14253.23119438  .00000056  00000-0  00000+0 0  4521
2 29270   0.0874 315.1251 0001489 229.4135 260.8462  1.00271115 29767
JCSAT-3A                
1 29272U 06033A   14252.16041663  .00000000  00000-0  10000-3 0  5771
2 29272   0.0111 234.7740 0001529 294.4453   4.6374  1.00264640 29651
SYRACUSE 3B             
1 29273U 06033B   14252.28309523 -.00000074  00000-0  10000-3 0  4756
2 29273   0.0343  93.7643 0004232  57.3272 293.8616  1.00271890 29648
KOREASAT 5 (MUGUNGWHA 5)
1 29349U 06034A   14252.08651027  .00000000  00000-0  10000-3 0  5915
2 29349   0.0386 119.4051 0002722 124.9602 247.8727  1.00266827 29543
ZHONGXING-22A           
1 29398U 06038A   14252.95213841 -.00000343  00000-0  10000-3 0  3916
2 29398   3.9487  64.8063 0006980 107.6717 260.7208  1.00269302 29349
DIRECTV 9S              
1 29494U 06043A   14252.55255054 -.00000144  00000-0  00000+0 0  7027
2 29494   0.0080 174.2015 0002994 346.6298 285.5062  1.00271662 29004
OPTUS D1                
1 29495U 06043B   14251.75136903 -.00000140  00000-0  10000-3 0  5692
2 29495   0.0492 302.4221 0003682 217.0102 258.7878  1.00272003 29036
XM-4 (BLUES)            
1 29520U 06049A   14252.59441870 -.00000053  00000-0  10000-3 0  3378
2 29520   0.0212 326.5735 0000304 201.8882 278.8592  1.00271819 28901
BADR-4                  
1 29526U 06051A   14252.90624906  .00000000  00000-0  10000-3 0  6436
2 29526   0.0462 337.8777 0002965 240.0446 123.1914  1.00271264 28792
FENGYUN 2D              
1 29640U 06053A   14251.98802255  .00000000  00000-0  10000-3 0   914
2 29640   2.5270  69.7921 0001864 130.6017 229.9978  1.00269485 28450
WILDBLUE-1              
1 29643U 06054A   14252.50973655 -.00000079  00000-0  10000-3 0  2841
2 29643   0.0378 245.4364 0001950 290.2887 245.0780  1.00271905 28442
AMC-18                  
1 29644U 06054B   14253.37835828 -.00000120  00000-0  10000-3 0  7052
2 29644   0.0350 298.9126 0002875 207.5555 234.1399  1.00272404 28464
MEASAT-3                
1 29648U 06056A   14252.85431051 -.00000271  00000-0  10000-3 0  4324
2 29648   0.0351 144.3712 0003995   1.5059 241.9738  1.00269234 28470
KIKU-8 (ETS-VIII)       
1 29656U 06059A   14253.43264657 -.00000267  00000-0  00000+0 0  4901
2 29656   3.6844  65.9952 0006005  82.6092 142.2875  1.00271386 28343
INSAT-4B                
1 30793U 07007A   14252.85247867 -.00000288  00000-0  10000-3 0  1936
2 30793   0.0081 173.8324 0004376  37.2345 178.1499  1.00270677 27485
SKYNET 5A               
1 30794U 07007B   14252.09063297  .00000000  00000-0  10000-3 0  3388
2 30794   0.0756  10.4123 0004511 174.4944 201.7769  1.00269442 27614
ANIK F3                 
1 31102U 07009A   14252.56313356 -.00000031  00000-0  00000+0 0  5506
2 31102   0.0050 170.0330 0001950 341.6678 280.8348  1.00270989 27231
ASTRA 1L                
1 31306U 07016A   14253.23448628  .00000089  00000-0  00000+0 0  8321
2 31306   0.0912 295.9998 0002241 275.5429 241.2494  1.00273512 26972
GALAXY 17 (G-17)        
1 31307U 07016B   14250.39385231 -.00000202  00000-0  00000+0 0  4678
2 31307   0.0263  21.5939 0003304 140.6826 234.9045  1.00271809 26950
EUTELSAT 3A             
1 31577U 07021A   14253.22149971 -.00000095  00000-0  00000+0 0   437
2 31577   0.2839  83.8526 0003312  84.1608 252.9458  1.00272972 26682
ZHONGXING-6B            
1 31800U 07031A   14252.90130564 -.00000392  00000-0  10000-3 0   726
2 31800   0.0287 286.9358 0002367 250.1623 251.7666  1.00273227 26374
DIRECTV 10              
1 31862U 07032A   14252.54705598 -.00000133  00000-0  00000+0 0  4957
2 31862   0.0275 296.1143 0000390 149.9744 356.5461  1.00271868 26306
SPACEWAY 3              
1 32018U 07036A   14253.22704248 -.00000182  00000-0  10000-3 0  4030
2 32018   0.0118 295.0053 0000098 218.9213 182.0268  1.00270829 26029
BSAT-3A                 
1 32019U 07036B   14252.89532198 -.00000381  00000-0  10000-3 0  5128
2 32019   0.0786 251.0423 0004634 308.2580 221.7237  1.00270936 25962
INSAT-4CR               
1 32050U 07037A   14252.02219291 -.00000107  00000-0  00000+0 0  1414
2 32050   0.0211 109.2203 0004513 112.4930 208.2925  1.00270891 25740
OPTUS D2                
1 32252U 07044A   14252.16166484  .00000000  00000-0  10000-3 0  5034
2 32252   0.0200 267.9309 0003373 254.7418  35.6588  1.00267066 25371
INTELSAT 11 (IS-11)     
1 32253U 07044B   14253.19948317 -.00000299  00000-0  10000-3 0  2029
2 32253   0.0511 257.0998 0003165 274.3902 206.4701  1.00271042 25437
STAR ONE C1             
1 32293U 07056A   14253.37917545 -.00000307  00000-0  00000+0 0  2783
2 32293   0.0717 269.7530 0002141 271.3172 239.7729  1.00272193 25055
SKYNET 5B               
1 32294U 07056B   14252.03364303  .00000000  00000-0  10000-3 0  3655
2 32294   0.0618   4.9008 0004060 166.9600 212.6035  1.00270143 25134
ASTRA 4A (SIRIUS 4)     
1 32299U 07057A   14253.29724360  .00000002  00000-0  00000+0 0  1906
2 32299   0.0021 180.4582 0003029   4.4268 276.1636  1.00271805 24939
HORIZONS-2              
1 32388U 07063B   14253.09201255 -.00000213  00000-0  10000-3 0  3657
2 32388   0.0401 293.1419 0002753 236.0183 297.8517  1.00271151 24788
THURAYA-3               
1 32404U 08001A   14253.03372197 -.00000331  00000-0  10000-3 0  5043
2 32404   4.4990 344.9733 0005163 179.5475 295.2275  1.00270226 24432
EXPRESS-AM33            
1 32478U 08003A   14252.44952131  .00000000  00000-0  10000-3 0  8946
2 32478   0.0380 289.2848 0000883 324.7250 352.7167  1.00267516 24522
THOR 5                  
1 32487U 08006A   14253.23971197 -.00000040  00000-0  10000-3 0  3445
2 32487   0.0415 252.5844 0002611 279.5084 262.6414  1.00272514 24093
KIZUNA (WINDS)          
1 32500U 08007A   14252.83254211 -.00000289  00000-0  00000+0 0  2054
2 32500   0.0676 272.4707 0002347 234.8106 284.2232  1.00271310 23980
AMC-14                  
1 32708U 08011A   14250.19172389  .00000127  00000-0  00000+0 0  4154
2 32708  17.1660  79.3400 0049686   6.3473 359.0499  1.00275301 25018
DIRECTV 11              
1 32729U 08013A   14252.31183324 -.00000156  00000-0  00000+0 0  4508
2 32729   0.0084 303.5337 0000263 196.4159 221.3526  1.00271105 23831
ICO G1                  
1 32763U 08016A   14251.80109369 -.00000199  00000-0  00000+0 0  3516
2 32763   4.2675 344.5783 0003948 193.7255   4.9959  1.00270938 23435
VINASAT-1               
1 32767U 08018A   14252.66543719  .00000000  00000-0  10000-3 0  3164
2 32767   0.0114 280.5900 0002473 216.7668 222.7402  1.00264873 23510
STAR ONE C2             
1 32768U 08018B   14253.16072418 -.00000295  00000-0  00000+0 0  2211
2 32768   0.0032 173.6695 0001971   3.3646 159.9302  1.00269619 23491
TIANLIAN I (CTDRS-1)    
1 32779U 08019A   14253.09046315 -.00000164  00000-0  10000-3 0  8703
2 32779   0.7438  80.6701 0031771 203.7639 177.0895  1.00268184 23375
AMOS-3                  
1 32794U 08022A   14253.22396767 -.00000065  00000-0  00000+0 0  1212
2 32794   0.0135 214.8585 0002993 288.6600 282.2697  1.00271678 23353
GALAXY 18 (G-18)        
1 32951U 08024A   14251.42865244 -.00000005  00000-0  00000+0 0  1102
2 32951   0.0133 122.9575 0003227  43.2210 212.5240  1.00272384 23059
CHINASAT 9 (ZX 9)       
1 33051U 08028A   14253.54607177 -.00000277  00000-0  10000-3 0  8879
2 33051   0.0055 174.2410 0004930 356.6255 107.3951  1.00269926 22927
SKYNET 5C               
1 33055U 08030A   14253.30219825 -.00000170  00000-0  00000+0 0   429
2 33055   0.0701   5.1979 0005409 181.1084 253.9035  1.00273107 22875
TURKSAT 3A              
1 33056U 08030B   14252.33468719  .00000000  00000-0  10000-3 0  2563
2 33056   0.0521 149.8917 0006254 357.5603   3.3728  1.00272987 22982
INTELSAT 25 (IS-25)     
1 33153U 08034A   14253.30238177 -.00000254  00000-0  00000+0 0  1382
2 33153   0.0090 218.3535 0002773 314.1059 254.1427  1.00273596 22625
BADR-6                  
1 33154U 08034B   14252.81051030  .00000114  00000-0  00000+0 0  3240
2 33154   0.0663  18.9640 0003015 113.1706 174.3966  1.00271729 22660
ECHOSTAR 11             
1 33207U 08035A   14253.16905878 -.00000087  00000-0  10000-3 0  4401
2 33207   0.0381 306.6775 0003006 233.3190 119.9878  1.00271757 22550
SUPERBIRD-C2            
1 33274U 08038A   14253.45006124 -.00000281  00000-0  10000-3 0  4389
2 33274   0.0470 295.5483 0001484 220.2921 139.5404  1.00272360 22284
AMC-21                  
1 33275U 08038B   14252.54962547  .00000006  00000-0  10000-3 0  3258
2 33275   0.0473 303.2455 0002457 224.4946 253.7315  1.00272976 22371
INMARSAT 4-F3           
1 33278U 08039A   14253.54191341 -.00000169  00000-0  00000+0 0  8733
2 33278   3.0043 351.5908 0003712 190.0806 265.1445  1.00268877 22216
NIMIQ 4                 
1 33373U 08044A   14250.39408862 -.00000248  00000-0  00000+0 0   587
2 33373   0.0309  95.3744 0002246  56.6480 254.2314  1.00270450 21843
GALAXY 19 (G-19)        
1 33376U 08045A   14250.46476625 -.00000167  00000-0  00000+0 0  1728
2 33376   0.0084 184.4534 0003174 339.9852 252.3369  1.00270988 21793
VENESAT-1               
1 33414U 08055A   14253.14108523 -.00000268  00000-0  00000+0 0  5400
2 33414   0.0242 131.1875 0001857  21.4135 169.2491  1.00269499 21542
ASTRA 1M                
1 33436U 08057A   14253.23448628  .00000089  00000-0  00000+0 0  3698
2 33436   0.0266  94.6369 0005729  58.2514 299.8781  1.00271361 21435
CIEL-2                  
1 33453U 08063A   14251.17121576  .00000029  00000-0  10000-3 0  1490
2 33453   0.0335 281.1075 0003066 240.1037 118.7260  1.00272054 21051
EUTELSAT HOT BIRD 13C   
1 33459U 08065A   14251.81426209  .00000057  00000-0  00000+0 0  1609
2 33459   0.0554 322.7537 0004749 179.0831 152.0648  1.00271033 21132
EUTELSAT 48D            
1 33460U 08065B   14253.04092469  .00000094  00000-0  00000+0 0  1077
2 33460   0.0530 325.4423 0005142 269.9005 176.4703  1.00270970 21010
FENGYUN 2E              
1 33463U 08066A   14252.90623580 -.00000360  00000-0  10000-3 0  6177
2 33463   2.0882  57.2744 0001449 217.9456 144.1116  1.00280153 21003
EXPRESS-AM44            
1 33595U 09007A   14253.11832209 -.00000119  00000-0  00000+0 0  5955
2 33595   0.0341 291.2333 0000901 323.3257 126.1199  1.00272294 20461
NSS-9                   
1 33749U 09008A   14252.69489587  .00000041  00000-0  00000+0 0  1944
2 33749   0.0506 299.6282 0002322 209.9429 272.2250  1.00272571 20468
EUTELSAT HOT BIRD 13D   
1 33750U 09008B   14253.16850505  .00000056  00000-0  00000+0 0  3455
2 33750   0.0951 289.5722 0005472 275.5694 217.6164  1.00271878 20504
TELSTAR 11N             
1 34111U 09009A   14252.41953214 -.00000281  00000-0  10000-3 0  1551
2 34111   0.0044 180.7072 0002889 313.4227 327.7212  1.00270588 20315
RADUGA-1 8              
1 34264U 09010A   14253.22336429  .00000049  00000-0  10000-3 0  6157
2 34264   3.7219  80.2191 0003154  58.9349 302.1932  1.00265343 20258
EUTELSAT 10A            
1 34710U 09016A   14252.04003302  .00000000  00000-0  10000-3 0  1904
2 34710   0.0651 357.3038 0005220 173.8628 201.2922  1.00272002 19745
SES-7 (PROTOSTAR 2)     
1 34941U 09027A   14251.99091528  .00000000  00000-0  10000-3 0  2767
2 34941   0.0356  54.8986 0002056 177.0969 220.9330  1.00265705 19532
MEASAT-3A               
1 35362U 09032A   14253.02698015 -.00000272  00000-0  10000-3 0  9962
2 35362   0.0424 230.0060 0002621 314.1605 266.0377  1.00271851 19144
GOES 14                 
1 35491U 09033A   14253.37835828 -.00000115  00000-0  00000+0 0  6169
2 35491   0.3633 263.8995 0012255 293.1950 182.7088  1.00273491 19084
SIRIUS FM-5             
1 35493U 09034A   14253.45894911 -.00000175  00000-0  00000+0 0  9742
2 35493   0.0203 175.7785 0001903 205.5398  37.3111  1.00269191 19001
TERRESTAR-1             
1 35496U 09035A   14251.41675451 -.00000085  00000-0  00000+0 0  2165
2 35496   3.7900 330.0458 0003008 192.2653 224.1077  1.00273469 19050
ASIASAT 5               
1 35696U 09042A   14252.07340587  .00000000  00000-0  10000-3 0  4766
2 35696   0.0357  89.3915 0000836  59.0142 326.5088  1.00264316 18597
JCSAT-RA (JCSAT-12)     
1 35755U 09044A   14252.86490839  .00000000  00000-0  10000-3 0   460
2 35755   0.0462  34.4940 0000931  87.0524 306.5392  1.00265145 18564
OPTUS D3                
1 35756U 09044B   14253.41411670 -.00000178  00000-0  00000+0 0  1529
2 35756   0.0227 317.6292 0002802 210.8165 126.0082  1.00270184 18544
PALAPA D                
1 35812U 09046A   14252.90064072 -.00000388  00000-0  10000-3 0   816
2 35812   0.0103 103.1946 0001838  97.9309 224.9105  1.00270226 18581
NIMIQ 5                 
1 35873U 09050A   14253.43515925 -.00000287  00000-0  10000-3 0   374
2 35873   0.0431 274.3871 0003077 235.8392 283.1095  1.00270825 18278
AMAZONAS 2              
1 35942U 09054A   14252.48746125 -.00000313  00000-0  00000+0 0   709
2 35942   0.0263 150.9967 0005551   6.7983 305.1461  1.00269358 18106
COMSATBW-1              
1 35943U 09054B   14252.08922839 -.00000006  00000-0  10000-3 0   191
2 35943   0.0184 111.5071 0002501  63.1332 268.5234  1.00272134 18156
NSS-12                  
1 36032U 09058A   14252.54514400  .00000000  00000-0  10000-3 0  9661
2 36032   0.0354 288.4641 0002978 226.8953  86.4103  1.00270237 17835
THOR 6                  
1 36033U 09058B   14252.80984711 -.00000040  00000-0  10000-3 0  1125
2 36033   0.0162 201.2369 0002009 341.3863  96.8329  1.00272162 17868
INTELSAT 14 (IS-14)     
1 36097U 09064A   14252.42267922 -.00000304  00000-0  00000+0 0  9674
2 36097   0.0129 109.9466 0002051  66.6159 278.9842  1.00271946 17609
EUTELSAT 36B            
1 36101U 09065A   14252.15404051  .00000125  00000-0  10000-3 0   842
2 36101   0.0663 351.4057 0004006 175.0087 273.0779  1.00274459 17703
INTELSAT 15 (IS-15)     
1 36106U 09067A   14253.09201255 -.00000216  00000-0  10000-3 0  1511
2 36106   0.0057 221.0842 0002402 302.0242 304.2110  1.00271805 17508
DIRECTV 12              
1 36131U 09075A   14253.45033480 -.00000134  00000-0  00000+0 0  2909
2 36131   0.0227 303.4132 0000315 151.5866 313.7471  1.00271465 17295
BEIDOU G1               
1 36287U 10001A   14252.81793525 -.00000313  00000-0  10000-3 0  3752
2 36287   1.5612 358.0184 0005328 197.5861 227.6081  1.00273866 17071
RADUGA-1M 2             
1 36358U 10002A   14253.09201255 -.00000214  00000-0  10000-3 0  3544
2 36358   0.0290 257.4753 0002033 318.8379 250.8535  1.00271671 16918
SDO                     
1 36395U 10005A   14253.31076584 -.00000085  00000-0  10000-3 0   350
2 36395  27.9745 158.9080 0001567 177.1454  22.5102  1.00268276 16956
INTELSAT 16 (IS-16)     
1 36397U 10006A   14253.43812378 -.00000276  00000-0  00000+0 0  9610
2 36397   0.0474 339.5243 0002179 206.5032 245.0793  1.00272248 16723
GOES 15                 
1 36411U 10008A   14253.45861869  .00000057  00000-0  00000+0 0  2675
2 36411   0.3867 265.1663 0001348 283.5536 190.9811  1.00261463 16591
ECHOSTAR 14             
1 36499U 10010A   14252.45365935 -.00000030  00000-0  00000+0 0  4489
2 36499   0.0210 223.3973 0002548 291.6668 237.7803  1.00266605 16432
SES-1                   
1 36516U 10016A   14252.55255054 -.00000145  00000-0  00000+0 0   737
2 36516   0.0364 290.5918 0001701 239.8468 275.9866  1.00271794 16033
ASTRA 3B                
1 36581U 10021A   14253.16797376  .00000106  00000-0  00000+0 0  8847
2 36581   0.0579 353.8458 0004356 162.7336 276.4887  1.00270087 15797
COMSATBW-2              
1 36582U 10021B   14251.81426972  .00000058  00000-0  00000+0 0   274
2 36582   0.0376 294.7212 0002106 253.7403 105.6546  1.00269379 15877
BEIDOU G3               
1 36590U 10024A   14252.59597597 -.00000384  00000-0  00000+0 0  2268
2 36590   1.6338  31.9200 0002155 293.0946 348.5717  1.00267794 15677
BADR-5                  
1 36592U 10025A   14252.81049506  .00000114  00000-0  00000+0 0  8220
2 36592   0.0094 181.0544 0005307 348.6134 136.8543  1.00270532 15812
COMS 1                  
1 36744U 10032A   14252.89723385 -.00000375  00000-0  10000-3 0  9382
2 36744   0.0339  63.4376 0000925  88.5479 288.1046  1.00270825 15557
ARABSAT-5A              
1 36745U 10032B   14253.22509986  .00000123  00000-0  00000+0 0  8373
2 36745   0.0552 348.1461 0003679 179.7371 292.8162  1.00274027 15577
ECHOSTAR 15             
1 36792U 10034A   14253.09328321 -.00000304  00000-0  10000-3 0  9574
2 36792   0.0399 311.7708 0002379 229.6217 156.1533  1.00272208 15290
BEIDOU IGSO 1           
1 36828U 10036A   14252.55211907 -.00000182  00000-0  10000-3 0  1090
2 36828  54.3917 203.5568 0035365 200.3355 263.0459  1.00262643 15118
NILESAT 201             
1 36830U 10037A   14253.23952377 -.00000088  00000-0  10000-3 0  9210
2 36830   0.0446 186.9304 0006357 343.2199 258.2621  1.00271704 15193
RASCOM-QAF 1R           
1 36831U 10037B   14252.80993858 -.00000012  00000-0  10000-3 0  9006
2 36831   0.0167 108.6422 0004317  53.4543 121.1668  1.00273255 15184
CHINASAT 6A (ZX 6A)     
1 37150U 10042A   14252.96435492 -.00000385  00000-0  00000+0 0  1740
2 37150   0.0386 230.1827 0001178 210.8200  20.0894  1.00267906 14816
XM-5                    
1 37185U 10053A   14252.26638807 -.00000235  00000-0  10000-3 0  9981
2 37185   0.0519 288.0455 0002835  94.2287 336.6438  1.00271267 14344
BSAT-3B                 
1 37207U 10056B   14252.52436162  .00000000  00000-0  10000-3 0  1608
2 37207   0.0781 300.8617 0002354 310.7593  35.4647  1.00265416 14182
BEIDOU G4               
1 37210U 10057A   14253.39626448 -.00000142  00000-0  10000-3 0   615
2 37210   0.7880  45.5845 0008124 148.2070  98.1964  1.00270688 14202
SKYTERRA 1              
1 37218U 10061A   14252.55393360 -.00000149  00000-0  10000-3 0   111
2 37218   4.4402 323.4922 0011527 187.7043 295.4158  1.00271967 14123
ZHONGXING-20A           
1 37234U 10064A   14252.72679846 -.00000367  00000-0  00000+0 0   787
2 37234   0.0757 270.9944 0001658 283.6878 185.6766  1.00273802 13935
HYLAS 1                 
1 37237U 10065A   14252.93421897 -.00000264  00000-0  10000-3 0  8896
2 37237   0.0281 314.8558 0001851 209.7928 127.0683  1.00273153 13903
INTELSAT 17 (IS-17)     
1 37238U 10065B   14252.22796985  .00000000  00000-0  10000-3 0  8046
2 37238   0.0249 119.9178 0006828 338.3540  38.0436  1.00271620 13889
BEIDOU IGSO 2           
1 37256U 10068A   14252.46811110 -.00000230  00000-0  10000-3 0   355
2 37256  54.2722 322.9775 0030570 201.8917 112.7025  1.00271193 13696
EUTELSAT KA-SAT 9A      
1 37258U 10069A   14253.29828389  .00000031  00000-0  10000-3 0  9959
2 37258   0.0549 301.5988 0002569 157.3965   6.6188  1.00270778 13721
HISPASAT 1E             
1 37264U 10070A   14252.87112072 -.00000246  00000-0  00000+0 0  9747
2 37264   0.0262 134.1398 0005933  23.0732 115.2196  1.00271909 13569
KOREASAT 6              
1 37265U 10070B   14252.10966198  .00000258  00000-0  10000-3 0  9860
2 37265   0.0209 133.3860 0002573 108.9383 261.1520  1.00266291 13591
ELEKTRO-L 1 (GOMS 2)    
1 37344U 11001A   14252.07455141 -.00000127  00000-0  00000+0 0   840
2 37344   0.3946  80.3965 0001286 146.7970 223.7551  1.00268475 13368
BEIDOU IGSO 3           
1 37384U 11013A   14252.89398192 -.00000138  00000-0  10000-3 0  9575
2 37384  56.6144  83.5652 0024782 183.8829 162.5747  1.00285639 12575
INTELSAT NEW DAWN       
1 37392U 11016A   14251.02564159  .00000127  00000-0  10000-3 0  8047
2 37392   0.0312 271.9493 0000307 353.1769 123.9291  1.00274391 12424
YAHSAT 1A               
1 37393U 11016B   14253.16777451  .00000070  00000-0  10000-3 0  9493
2 37393   0.0053 206.5301 0001294 330.2393 285.2518  1.00273562 12483
TELSTAR 14R             
1 37602U 11021A   14253.12320438 -.00000311  00000-0  00000+0 0  6566
2 37602   0.0473 298.9265 0002135 217.9265 173.5622  1.00270982 12758
GSAT-8                  
1 37605U 11022A   14253.08903383  .00000054  00000-0  10000-3 0  8730
2 37605   0.0165 122.1598 0005824 118.5684 195.4111  1.00273154 12159
ST-2                    
1 37606U 11022B   14252.85715744 -.00000242  00000-0  10000-3 0  8254
2 37606   0.0037 155.4450 0001649   3.0175 226.9302  1.00272521 12168
CHINASAT 10 (ZX 10)     
1 37677U 11026A   14252.39821475  .00000000  00000-0  10000-3 0  9762
2 37677   0.0304 300.0759 0005431 260.6732  41.3916  1.00262940 11866
TIANLIAN 1-02           
1 37737U 11032A   14252.80149662  .00000000  00000-0  10000-3 0  9246
2 37737   0.5233  81.5902 0028972 179.0043 183.6892  1.00270526 11629
GSAT-12                 
1 37746U 11034A   14251.90137090 -.00000195  00000-0  10000-3 0  7750
2 37746   0.0351 283.9186 0000988 307.9929 163.4926  1.00270015 11862
SES-3                   
1 37748U 11035A   14252.32384890  .00000000  00000-0  10000-3 0  8498
2 37748   0.0127 277.6491 0001918 282.6837 161.5505  1.00268133 11595
KAZSAT-2                
1 37749U 11035B   14252.30109839  .00000000  00000-0  10000-3 0  6932
2 37749   0.0185 228.8525 0000891 350.9130 323.4172  1.00268253 11570
BEIDOU IGSO 4           
1 37763U 11038A   14253.01098104 -.00000113  00000-0  10000-3 0  7861
2 37763  54.7053 205.7515 0030000 202.8477  37.9947  1.00259247 11540
ASTRA 1N                
1 37775U 11041A   14253.23156626  .00000089  00000-0  00000+0 0  7233
2 37775   0.0660   8.9917 0002659  94.7564 347.9680  1.00271267 11368
BSAT-3C (JCSAT-110R)    
1 37776U 11041B   14252.89532198 -.00000381  00000-0  10000-3 0  8813
2 37776   0.0521 301.6006 0000498 286.8123 192.7204  1.00270879 11457
PAKSAT-1R               
1 37779U 11042A   14251.81490243  .00000124  00000-0  00000+0 0  6459
2 37779   0.0529 303.5444 0003875 221.8110 153.7641  1.00270244 11304
CHINASAT 1A (ZX 1A)     
1 37804U 11047A   14252.89227462 -.00000368  00000-0  00000+0 0  8939
2 37804   0.0161 134.5599 0002716 120.0288 185.3366  1.00269781 10990
COSMOS 2473             
1 37806U 11048A   14253.09046315 -.00000166  00000-0  10000-3 0  8493
2 37806   0.0616  94.3516 0001167 178.7430 188.4532  1.00271319 10974
SES-2                   
1 37809U 11049A   14253.57321823 -.00000226  00000-0  10000-3 0  6338
2 37809   0.0400 292.0838 0002805 228.4196 308.3579  1.00270120 10933
ARABSAT-5C              
1 37810U 11049B   14252.10289706  .00000000  00000-0  10000-3 0  5913
2 37810   0.0697  24.3711 0007306 179.2942 201.5205  1.00273256 10924
EUTELSAT 7 WEST A       
1 37816U 11051A   14253.23952377 -.00000091  00000-0  10000-3 0  8316
2 37816   0.0651 331.4213 0004409 195.0349 261.6433  1.00272986 10870
QUETZSAT 1              
1 37826U 11054A   14253.43795513 -.00000272  00000-0  10000-3 0  7140
2 37826   0.0447 302.1538 0002635 223.7552 264.1426  1.00272434 11007
INTELSAT 18 (IS-18)     
1 37834U 11056A   14253.41956600  .00000023  00000-0  00000+0 0  6827
2 37834   0.0050 115.2292 0002268  66.6787 138.4991  1.00275385 10829
EUTELSAT 16A            
1 37836U 11057A   14253.22914561  .00000073  00000-0  10000-3 0  7213
2 37836   0.0654 345.9271 0004471 184.3855 277.3264  1.00271557 10735
VIASAT-1                
1 37843U 11059A   14252.37067289 -.00000054  00000-0  10000-3 0  5492
2 37843   0.0037 198.4937 0002548 318.1744 210.0109  1.00272311 11175
ASIASAT 7               
1 37933U 11069A   14252.29931443  .00000000  00000-0  10000-3 0  8163
2 37933   0.0246 254.0913 0002163 262.2354  45.1551  1.00264606 10354
BEIDOU IGSO 5           
1 37948U 11073A   14252.53395218 -.00000174  00000-0  10000-3 0  7954
2 37948  54.3718 322.4121 0031404 201.8468 112.0124  1.00280278 10298
AMOS-5                  
1 37950U 11074A   14252.48438434  .00000000  00000-0  10000-3 0  5753
2 37950   0.0137 237.5133 0003300 224.4922  77.9242  1.00274320 10171
LUCH 5A                 
1 37951U 11074B   14252.83118135 -.00000079  00000-0  00000+0 0  7693
2 37951   2.7761 247.0956 0005305 299.2682 268.6258  1.00272262 10082
NIGCOMSAT 1R            
1 38014U 11077A   14253.10083420  .00000114  00000-0  00000+0 0  5615
2 38014   0.0222  90.7324 0002338  92.8473 244.2329  1.00271059 10022
FENGYUN 2F              
1 38049U 12002A   14251.64840223 -.00000385  00000-0  10000-3 0  7697
2 38049   0.3812 292.5222 0003167 279.3811 120.9120  1.00263329  9776
SES-4                   
1 38087U 12007A   14253.30201392 -.00000199  00000-0  00000+0 0  5738
2 38087   0.0123 108.4662 0002451  86.5873 240.9190  1.00268080  9458
BEIDOU G5               
1 38091U 12008A   14253.08865278  .00000028  00000-0  00000+0 0  7549
2 38091   0.9313   4.9219 0002552 145.5722 289.0876  1.00268932  9385
INTELSAT 22 (IS-22)     
1 38098U 12011A   14252.91754093 -.00000090  00000-0  00000+0 0  5642
2 38098   0.0353 346.4076 0002402 197.5423 207.3506  1.00272851  9042
APSTAR 7                
1 38107U 12013A   14253.08845116 -.00000132  00000-0  10000-3 0  7993
2 38107   0.0230 118.6493 0002667  54.5079 284.2300  1.00271910  9075
YAHSAT 1B               
1 38245U 12016A   14252.81108203  .00000096  00000-0  10000-3 0  6849
2 38245   0.0047 219.8192 0001365 300.6814 167.8644  1.00273144  8819
JCSAT-13                
1 38331U 12023A   14252.96435492 -.00000387  00000-0  00000+0 0  5200
2 38331   0.0074 305.4376 0001924 227.5292 287.1103  1.00269622  8530
VINASAT-2               
1 38332U 12023B   14252.18374687  .00000000  00000-0  10000-3 0  5917
2 38332   0.0175 242.1892 0001757 311.1071 352.8233  1.00264753  8525
NIMIQ 6                 
1 38342U 12026A   14252.53277731 -.00000204  00000-0  00000+0 0  5857
2 38342   0.0466 281.1861 0002455 251.1473 276.8260  1.00269948  8495
CHINASAT 2A (ZX 2A)     
1 38352U 12028A   14252.19269824  .00000000  00000-0  10000-3 0  6697
2 38352   0.0125 163.5628 0001852 127.3130 224.8741  1.00265077  8560
INTELSAT 19 (IS-19)     
1 38356U 12030A   14252.83118135 -.00000087  00000-0  00000+0 0  6515
2 38356   0.0200 274.1141 0003638 252.5278 287.3735  1.00271989  8448
ECHOSTAR 17             
1 38551U 12035A   14252.37778884 -.00000106  00000-0  00000+0 0  5149
2 38551   0.0168 126.6765 0002620  32.9576 217.6214  1.00272608  8023
METEOSAT-10 (MSG-3)     
1 38552U 12035B   14252.80986235 -.00000036  00000-0  00000+0 0   360
2 38552   0.4782 177.7546 0000755  36.3628  65.7948  1.00273882  8118
SES-5                   
1 38652U 12036A   14252.68647455  .00000000  00000-0  10000-3 0  5311
2 38652   0.0595 266.3494 0002343 249.7017  84.7249  1.00270568  7966
TIANLIAN 1-03           
1 38730U 12040A   14253.06782082  .00000078  00000-0  10000-3 0  6396
2 38730   0.4405 269.4913 0005091 294.9603 185.8271  1.00276506  7891
INTELSAT 20 (IS-20)     
1 38740U 12043A   14252.19332797  .00000000  00000-0  10000-3 0  6055
2 38740   0.0460 112.1641 0001939 232.7352 141.3895  1.00269710  7730
HYLAS 2                 
1 38741U 12043B   14250.81863545  .00000125  00000-0  10000-3 0  5229
2 38741   0.0246 259.9914 0001951 266.4023 146.1191  1.00273196  7723
INTELSAT 21 (IS-21)     
1 38749U 12045A   14253.42182765 -.00000315  00000-0  00000+0 0  4560
2 38749   0.0212  92.9049 0002449  88.3577 261.9668  1.00270732  7599
ASTRA 2F                
1 38778U 12051A   14252.45718801  .00000000  00000-0  10000-3 0  4449
2 38778   0.0227 213.8390 0005463 253.5822  73.8952  1.00275258  7187
GSAT-10                 
1 38779U 12051B   14252.97070700 -.00000195  00000-0  00000+0 0  5246
2 38779   0.0154 138.7861 0006047 337.6021 305.0003  1.00270803  7198
INTELSAT 23 (IS-23)     
1 38867U 12057A   14252.08660869  .00000000  00000-0  10000-3 0  4241
2 38867   0.0157 334.7984 0002024 189.0278 162.3556  1.00263513  7004
BEIDOU G6               
1 38953U 12059A   14252.08902861 -.00000167  00000-0  10000-3 0  5965
2 38953   0.4365 285.4332 0003274 246.7937 287.9102  1.00269997  6951
LUCH 5B                 
1 38977U 12061A   14253.35884642 -.00000157  00000-0  00000+0 0  5606
2 38977   1.4921  85.1299 0005324  83.2876 294.0296  1.00269258  7085
YAMAL 300K              
1 38978U 12061B   14252.91061282 -.00000259  00000-0  00000+0 0  5103
2 38978   0.0398 288.0352 0000894   4.6383 114.0581  1.00270021  6773
STAR ONE C3             
1 38991U 12062A   14249.45486565 -.00000275  00000-0  10000-3 0  4662
2 38991   0.0669  88.1021 0002543  98.7097 247.4071  1.00272869  6722
EUTELSAT 21B            
1 38992U 12062B   14252.02000924  .00000000  00000-0  10000-3 0  4408
2 38992   0.0637 359.9425 0002469 131.1015 245.7461  1.00270540  6777
ECHOSTAR 16             
1 39008U 12065A   14252.48746125 -.00000312  00000-0  10000-3 0  3967
2 39008   0.0088 151.1993 0002944   9.1855 302.0553  1.00271557  6703
CHINASAT 12 (ZX 12)     
1 39017U 12067A   14252.95274561 -.00000237  00000-0  10000-3 0  5385
2 39017   0.0045 163.3780 0002538 355.3169 260.7016  1.00272408  6618
EUTELSAT 70B            
1 39020U 12069A   14252.98761420  .00000000  00000-0  10000-3 0  7232
2 39020   0.0609  30.6139 0005366  92.3954 291.9729  1.00269729  6512
YAMAL 402               
1 39022U 12070A   14252.81128022  .00000055  00000-0  10000-3 0  5657
2 39022   0.0415 288.0591 0003233 197.0125 210.6458  1.00271984  6494
SKYNET 5D               
1 39034U 12075A   14253.16777451  .00000069  00000-0  10000-3 0  4799
2 39034   0.0729 347.8580 0003981 185.4889 288.8824  1.00272941  6426
MEXSAT 3                
1 39035U 12075B   14253.24368494 -.00000056  00000-0  00000+0 0  4929
2 39035   0.0328 234.2477 0002322 268.8314 179.0401  1.00272483  6370
TDRS 11                 
1 39070U 13004A   14247.63989788  .00000076  00000-0  00000+0 0  4686
2 39070   6.5269 330.5564 0008646 240.3588 192.1791  1.00263850  5885
AMAZONAS 3              
1 39078U 13006A   14252.48746125 -.00000313  00000-0  00000+0 0  4798
2 39078   0.0417 233.2738 0005121 313.2569 276.4237  1.00271774  5866
AZERSPACE 1             
1 39079U 13006B   14252.34483887  .00000000  00000-0  10000-3 0  3636
2 39079   0.0260 164.2680 0001285 276.7222  77.4918  1.00272475  5851
EUTELSAT 117 WEST A     
1 39122U 13012A   14252.55327802 -.00000044  00000-0  00000+0 0  3453
2 39122   0.0365 276.3718 0002711 256.6610 257.8637  1.00272763  5375
ANIK G1                 
1 39127U 13014A   14251.78089428  .00000000  00000-0  10000-3 0  4157
2 39127   0.0192 177.2747 0002318  30.0514 314.2414  1.00268456  5149
CHINASAT 11 (ZX 11)     
1 39157U 13020A   14252.36855191  .00000000  00000-0  10000-3 0  4150
2 39157   0.0244 294.2717 0001826 170.5465 114.1736  1.00266185  5045
EUTELSAT 7B             
1 39163U 13022A   14253.29810135  .00000017  00000-0  00000+0 0  3805
2 39163   0.0502 342.0313 0001407  42.3374  79.1748  1.00271873  4900
SES-6                   
1 39172U 13026A   14253.36134659 -.00000292  00000-0  00000+0 0  3252
2 39172   0.0445 300.7802 0002342 238.3783 259.7316  1.00270595  4659
IRNSS-1A                
1 39199U 13034A   14251.74228766  .00000086  00000-0  00000+0 0  2588
2 39199  27.4286 133.1534 0018647 183.4539 353.3830  1.00275827  4552
ALPHASAT                
1 39215U 13038A   14252.21198774  .00000111  00000-0  00000+0 0  3084
2 39215   0.4921  39.4611 0002061 123.5198 286.3836  1.00270001  4168
INSAT-3D                
1 39216U 13038B   14252.95584881 -.00000186  00000-0  00000+0 0  5652
2 39216   0.0278 256.6845 0001362 297.9106 220.4701  1.00270683  4201
EUTELSAT 25B            
1 39233U 13044A   14252.08264422  .00000000  00000-0  10000-3 0  3150
2 39233   0.0478  12.4860 0001745 182.9078 207.9218  1.00271435  3829
GSAT-7                  
1 39234U 13044B   14251.06584884 -.00000106  00000-0  00000+0 0  3204
2 39234   0.0431 262.9773 0007649 351.5270 190.2511  1.00271925  3791
AMOS-4                  
1 39237U 13045A   14252.92212988 -.00000023  00000-0  00000+0 0  2990
2 39237   0.0405 288.1051 0001970 223.3751 234.3397  1.00272326  3793
ASTRA 2E                
1 39285U 13056A   14252.76486785  .00000000  00000-0  10000-3 0  3401
2 39285   0.0601 309.1070 0003161 264.9733  78.4094  1.00273763  3487
SIRIUS FM-6             
1 39360U 13058A   14247.58626596  .00000000  00000-0  10000-3 0  3036
2 39360   0.0234  21.4289 0001374 316.0579  96.7061  1.00270319  3199
RADUGA-1M 3             
1 39375U 13062A   14252.15755351  .00000000  00000-0  10000-3 0  3184
2 39375   0.0426  93.3667 0002673 103.3022 278.1950  1.00269551  3020
SES-8                   
1 39460U 13071A   14253.02793288 -.00000300  00000-0  00000+0 0  2602
2 39460   0.0387 264.6643 0002320 237.3080 312.0667  1.00270956  2785
INMARSAT 5-F1           
1 39476U 13073A   14251.74247463 -.00000002  00000-0  10000-3 0  3882
2 39476   0.0125 130.3341 0000444 151.5366  35.7662  1.00272808  2811
TKSAT-1 (TUPAC KATARI)  
1 39481U 13075A   14253.57321834 -.00000225  00000-0  10000-3 0  2019
2 39481   0.0291  82.5176 0003398  90.6875 295.4569  1.00273359  2750
EXPRESS-AM5             
1 39487U 13077A   14252.33734348  .00000000  00000-0  10000-3 0  3053
2 39487   0.0436 285.7450 0001662  68.5419 255.5169  1.00267926  3273
GSAT-14                 
1 39498U 14001A   14252.51551041  .00000000  00000-0  10000-3 0  2161
2 39498   0.0646 271.5078 0003116 272.4547  64.0893  1.00267748  2471
THAICOM 6               
1 39500U 14002A   14252.97030606 -.00000152  00000-0  00000+0 0  2170
2 39500   0.0610 145.8842 0004859   5.1226 265.7430  1.00271522  2436
TDRS 12                 
1 39504U 14004A   14253.37876381 -.00000297  00000-0  00000+0 0  1695
2 39504   6.8670 338.0004 0003000 190.2257 236.2032  1.00705856  2357
ABS-2                   
1 39508U 14006A   14252.41771052  .00001857  00000-0  10000-3 0  2131
2 39508   0.0302 261.6498 0000530 254.4501  57.4635  1.00261978  2227
ATHENA-FIDUS            
1 39509U 14006B   14252.92601037  .00000123  00000-0  00000+0 0  2076
2 39509   0.0295 129.0537 0001437  77.0430 153.8961  1.00275062  2410
TURKSAT 4A              
1 39522U 14007A   14252.60367657  .00000844  00000-0  10000-3 0  2215
2 39522   0.0492 279.2219 0004638 313.8320  14.7176  1.00270636  2105
EXPRESS-AT1             
1 39612U 14010A   14253.08903383  .00000048  00000-0  00000+0 0  1832
2 39612   0.0418 295.2351 0000299 331.0693 170.7929  1.00273299  1951
EXPRESS-AT2             
1 39613U 14010B   14252.28055572  .00000000  00000-0  10000-3 0  1745
2 39613   0.0283 291.7107 0001348 311.4449 345.9393  1.00267489  1774
AMAZONAS 4A             
1 39616U 14011A   14251.34793848 -.00000313  00000-0  00000+0 0  1529
2 39616   0.0203 317.3148 0005051 252.4352 211.7989  1.00270061  1750
ASTRA 5B                
1 39617U 14011B   14252.83912021  .00000000  00000-0  10000-3 0  1528
2 39617   0.0514 328.6094 0002189 203.7182 150.1056  1.00272136  1756
IRNSS-1B                
1 39635U 14017A   14252.98061765  .00000044  00000-0  00000+0 0  1332
2 39635  30.7742 310.3218 0024226 189.2392 257.5852  1.00279347  1704
LUCH 5V                 
1 39727U 14023A   14252.63757102 -.00000305  00000-0  00000+0 0  1106
2 39727   4.5640 302.0367 0002084 241.3530 129.8271  1.00269178519427
KAZSAT 3                
1 39728U 14023B   14252.83590164  .00000000  00000-0  10000-3 0  1322
2 39728   0.0069 289.0958 0000139 156.2643 262.9222  1.00272326893982
EUTELSAT 3B             
1 39773U 14030A   14253.29865878 -.00000011  00000-0  00000+0 0  1001
2 39773   0.0224 272.7872 0002913 283.6465 263.4120  1.00271607  1129
