COSMOS 2413 (712)       
1 28509U 04053B   14260.53586275  .00000001  00000-0  10000-3 0  7229
2 28509  63.1630 212.8557 0005769 185.9264 314.2448  2.13103033 75696
COSMOS 2419 (714)       
1 28915U 05050A   14260.39890522  .00000030  00000-0  00000+0 0  4836
2 28915  65.0714  99.7363 0015584 357.1743  28.8097  2.13107394 67940
COSMOS 2425 (716)       
1 29670U 06062A   14259.37821961 -.00000082  00000-0  10000-3 0  1847
2 29670  65.8483 338.6187 0020007 344.6899  47.4595  2.13105037 60123
COSMOS 2426 (717)       
1 29671U 06062B   14260.44151368 -.00000080  00000-0  10000-3 0  2068
2 29671  65.8647 338.6518 0018564 167.0558 186.3008  2.13102967 60141
COSMOS 2424 (715)       
1 29672U 06062C   14260.27538389 -.00000081  00000-0  10000-3 0  2074
2 29672  65.8499 338.5968 0017969 166.0025 238.0484  2.13102325 60142
COSMOS 2433 (720)       
1 32275U 07052A   14260.38171550  .00000031  00000-0  10000-3 0  9264
2 32275  65.0865  99.4959 0001343 218.2697  54.0302  2.13104975 53657
COSMOS 2432 (719)       
1 32276U 07052B   14259.29271031  .00000018  00000-0  10000-3 0  9140
2 32276  65.0980  99.5875 0011037 346.0114 126.1640  2.13104492 53637
COSMOS 2434 (721)       
1 32393U 07065A   14259.28065686 -.00000082  00000-0  00000+0 0  7594
2 32393  65.4705 338.2481 0004897 130.1047 275.5939  2.13102871 52341
COSMOS 2435 (722)       
1 32394U 07065B   14260.34710363 -.00000081  00000-0  10000-3 0  6732
2 32394  65.4745 338.2079 0020741   0.3294 108.6865  2.13112438 52307
COSMOS 2436 (723)       
1 32395U 07065C   14260.09947781 -.00000081  00000-0  10000-3 0  6786
2 32395  65.4841 338.2533 0015195 352.2811  53.5303  2.13102908 52295
COSMOS 2442 (724)       
1 33378U 08046A   14260.07564304  .00000027  00000-0  10000-3 0  7063
2 33378  65.0037  98.9295 0022197 332.1712 118.4735  2.13105214 46513
COSMOS 2443 (725)       
1 33379U 08046B   14259.62409258  .00000022  00000-0  10000-3 0  6917
2 33379  65.0120  99.0007 0019419 179.7223 144.3549  2.13101571 46507
COSMOS 2456 (730)       
1 36111U 09070A   14259.84568800  .00000019  00000-0  00000+0 0  4026
2 36111  64.2232 218.0046 0006110 298.5848 346.5508  2.13103084 37010
COSMOS 2457 (733)       
1 36112U 09070B   14260.46144865  .00000012  00000-0  00000+0 0  3727
2 36112  64.2045 217.9248 0006926 181.4095 349.5275  2.13101607 37039
COSMOS 2458 (734)       
1 36113U 09070C   14260.41917262  .00000013  00000-0  10000-3 0  3896
2 36113  64.2103 217.9277 0002003 290.0355 255.0392  2.13102018 37033
COSMOS 2459 (731)       
1 36400U 10007A   14260.37088258  .00000031  00000-0  10000-3 0  3100
2 36400  64.9898  98.7293 0028560 356.8967 138.1973  2.13102516 35384
COSMOS 2461 (735)       
1 36401U 10007B   14259.75749041  .00000023  00000-0  10000-3 0  2947
2 36401  64.9832  98.7371 0007259  86.9413 208.0712  2.13102587 35363
COSMOS 2460 (732)       
1 36402U 10007C   14259.16934976  .00000017  00000-0  10000-3 0  3041
2 36402  64.9732  98.7416 0001882 123.6702 122.9631  2.13102142 35359
COSMOS 2466 (738)       
1 37137U 10041A   14260.01003559 -.00000082  00000-0  10000-3 0  1800
2 37137  65.0543 338.6581 0022318 154.9907 314.1610  2.13102487 31458
COSMOS 2465 (737)       
1 37138U 10041B   14260.13702975 -.00000082  00000-0  00000+0 0  1841
2 37138  65.0715 338.7143 0036455 168.4422 219.9840  2.13102853 31458
COSMOS 2464 (736)       
1 37139U 10041C   14259.77609242 -.00000083  00000-0  00000+0 0  1686
2 37139  65.0744 338.7175 0019565  15.0989 230.9530  2.13102749 31446
COSMOS 2471 (701K)      
1 37372U 11009A   14260.04812367  .00000027  00000-0  10000-3 0   553
2 37372  64.9853  98.6536 0005346 227.5063 102.3432  2.13112461 27655
COSMOS 2474 (742)       
1 37829U 11055A   14259.36503313  .00000025  00000-0  00000+0 0  8799
2 37829  64.5463 218.1691 0010037 258.2217 242.5106  2.13101954 23006
COSMOS 2476 (744)       
1 37867U 11064A   14259.83766157  .00000020  00000-0  00000+0 0  8368
2 37867  64.5265 218.2506 0018649 253.6949 295.1651  2.13102078 22367
COSMOS 2477 (745)       
1 37868U 11064B   14260.39799671  .00000014  00000-0  00000+0 0  8339
2 37868  64.5353 218.2649 0016704 255.0560 183.3164  2.13101947 22337
COSMOS 2475 (743)       
1 37869U 11064C   14259.59391086  .00000023  00000-0  00000+0 0  8327
2 37869  64.5422 218.2747 0023300 279.3955 217.7749  2.13102254 22323
COSMOS 2478 (746)       
1 37938U 11071A   14259.30482429  .00000018  00000-0  00000+0 0  8103
2 37938  65.0020  98.8849 0012190 232.3739  28.6697  2.13102477 21922
COSMOS 2485 (747)       
1 39155U 13019A   14259.26489375  .00000026  00000-0  00000+0 0  4028
2 39155  64.6945 218.0809 0018679 248.7230 266.0384  2.13102198 10821
COSMOS 2492 (754)       
1 39620U 14012A   14251.27714799  .00000051  00000-0  10000-3 0  1113
2 39620  64.8579  99.0887 0014951 339.6200 198.0532  2.13103658  3623
COSMOS 2500 (755)       
1 40001U 14032A   14259.42533499  .00000019  00000-0  00000+0 0   838
2 40001  64.8007  98.8850 0006563 188.1302 345.3562  2.13103263  1991
