GPS BIIA-26 (PRN 10)
1 23953U 96041A   14261.13407153 -.00000037  00000-0  00000+0 0  5413
2 23953  53.9613 201.1335 0138098  49.9082 215.6781  2.00569415133185
COSMOS 2413 (712)
1 28509U 04053B   14260.53586275  .00000001  00000-0  10000-3 0  7229
2 28509  63.1630 212.8557 0005769 185.9264 314.2448  2.13103033 75696
ASTRA 4A (SIRIUS 4)
1 32299U 07057A   14257.29224764  .00000004  00000-0  00000+0 0  1916
2 32299   0.0119  83.1306 0002933 105.6017 274.4570  1.00273056 24971
IRIDIUM 71 [-]
1 25320U 98026B   14261.20756925  .00000308  00000-0  94246-4 0  4419
2 25320  86.3958 303.9077 0003594  76.7321 349.2706 14.38602772859248
HISPASAT 1D
1 27528U 02044A   14261.40559309 -.00000241  00000-0  00000+0 0  2072
2 27528   0.0368 240.5958 0005520 310.6579 282.0008  1.00272919 43973
