ISS (ZARYA)             
1 25544U 98067A   14253.57777631  .00014337  00000-0  25513-3 0   648
2 25544  51.6471  36.3511 0003709  94.7473 359.3783 15.50397095904575
TIANGONG 1              
1 37820U 11053A   14253.44048611  .00035020  00000-0  32753-3 0  3743
2 37820  42.7707 158.3073 0005809 215.6502 119.1656 15.66578028169428
FLOCK 1-12              
1 39528U 98067DT  14252.62168964  .00156401  00000-0  87656-3 0  5856
2 39528  51.6370  20.3308 0004098 313.0522  47.0136 15.78303075 32425
FLOCK 1-18              
1 39556U 98067DZ  14252.62396645  .00147764  00000-0  86725-3 0  5416
2 39556  51.6412  21.8837 0003731 324.6464  35.4289 15.77299626 30504
FLOCK 1-20              
1 39560U 98067ED  14252.60131817  .00232505  00000-0  97832-3 0  5056
2 39560  51.6456  18.7740 0008614 315.9935  44.0382 15.84245548 30474
SKYCUBE                 
1 39567U 98067EL  14253.57522233  .00115126  00000-0  76418-3 0  5681
2 39567  51.6429  18.2842 0004215 301.6151 148.5186 15.74606764 30364
ATV-5 (GEORGES LEMAITRE)
1 40103U 14044A   14224.50651772  .00004711  00000-0  88426-4 0   454
2 40103  51.6467 180.4080 0006852   2.1761 104.8243 15.50662829  2118
CHASQUI-1               
1 40117U 98067ET  14253.37036146  .00057157  00000-0  92667-3 0   807
2 40117  51.6476  37.2281 0003533  94.8453 354.4290 15.52200415  3515
FLOCK 1B-24             
1 40122U 98067EU  14253.36647333  .00040338  00000-0  65810-3 0   597
2 40122  51.6468  37.2012 0003319 137.2727 311.8877 15.52180244 39099
FLOCK 1B-23             
1 40123U 98067EV  14253.36573975  .00038405  00000-0  62618-3 0   649
2 40123  51.6476  37.1980 0004021 147.5642 300.9095 15.52218028 39096
FLOCK 1B-26             
1 40124U 98067EW  14253.36701547  .00039961  00000-0  65225-3 0   643
2 40124  51.6471  37.2039 0001285  92.3243 356.2736 15.52175149 57127
FLOCK 1B-25             
1 40125U 98067EX  14253.42386003  .00041252  00000-0  66761-3 0   638
2 40125  51.6469  36.9145 0000890 102.4423 309.1661 15.52397887 39133
FLOCK 1B-15             
1 40126U 98067EY  14253.42518005  .00051176  00000-0  82371-3 0   763
2 40126  51.6477  36.9304 0008339 160.4537 254.7965 15.52420532 39154
FLOCK 1B-16             
1 40127U 98067EZ  14253.42632628  .00044794  00000-0  73218-3 0   647
2 40127  51.6487  36.9250 0003988 129.5670 282.7652 15.52077598 39159
FLOCK 1B-1              
1 40131U 98067FA  14252.76926406  .00054674  00000-0  87602-3 0   367
2 40131  51.6450  40.1562 0004532 136.2003 223.9863 15.52440680  2953
FLOCK 1B-2              
1 40132U 98067FB  14252.64058296  .00052673  00000-0  83712-3 0   374
2 40132  51.6471  40.8089 0003508 116.3110 243.8755 15.52671548  2903
FLOCK 1B-8              
1 40133U 98067FC  14253.55383263  .00091140  00000-0  14673-2 0   473
2 40133  51.6463  36.3136 0005618 123.2699 274.4557 15.52181145 39348
FLOCK 1B-7              
1 40134U 98067FD  14252.70905206  .00046781  00000-0  75526-3 0   383
2 40134  51.6442  40.5069 0005589 122.7048 237.4998 15.52224038 39210
FLOCK 1B-18             
1 40139U 98067FE  14253.57191497  .00038845  00000-0  65390-3 0   147
2 40139  51.6469  36.3495 0006447 108.0673 327.9644 15.51305672   815
FLOCK 1B-17             
1 40140U 98067FF  14253.57170277  .00038548  00000-0  64782-3 0   146
2 40140  51.6463  36.3456 0006515 108.1171 327.6828 15.51355710   817
